Seq X1


A  A  A  T  T  T  T  A  T  T  A  C  G  T  T  T  A  G  T  A  G  A  A  G  A  G  A  A  A  G  G  T  A  A  A  C  A  T  G  A  T  G  G  T  T  C  A  G  T  G  G  T  G  C  T  A  G  A  T  G  A  A  C  A  A  A  C  A  A  T  T  A  T  A  A  A  A  T  A  A  A  A  T  G  A  A  G  T  A  T  T  T  G  T  A  T  A  G  A  A  
--------------------------------------------------------------------------------------------------------------------------------------------------------------------------------------------------------------------------------------------------------------------------------------------------------------
|	T_IG	T_GI	E_IA	E_IT	E_IC	E_GA	E_GT	E_GC			score (log likelihood)	|
|	0.79	0.19	0.90	0.01	0.06	0.18	0.59	0.05			-140.8959		|
|	0.57	0.11	0.89	0.00	0.06	0.41	0.30	0.07			-120.5812		|
|	0.57	0.07	0.92	0.00	0.04	0.41	0.31	0.06			-119.9817		|
|	0.58	0.05	0.96	0.00	0.02	0.42	0.31	0.06			-119.7259		|
|	0.59	0.04	0.98	0.00	0.01	0.42	0.31	0.06			-119.6039		|
|	0.60	0.03	1.00	0.00	0.00	0.42	0.31	0.06			-119.5470		|
|	0.60	0.02	1.00	0.00	0.00	0.42	0.31	0.06			-119.5197		|
|	0.61	0.02	1.00	0.00	0.00	0.42	0.31	0.06			-119.5053		|
|	0.62	0.02	1.00	0.00	0.00	0.42	0.31	0.06			-119.4967		|
|	0.62	0.02	1.00	0.00	0.00	0.42	0.31	0.06			-119.4910		|
|	0.63	0.02	1.00	0.00	0.00	0.42	0.31	0.06			-119.4870		|
|	0.63	0.01	1.00	0.00	0.00	0.42	0.31	0.06			-119.4840		|
|	0.64	0.01	1.00	0.00	0.00	0.42	0.31	0.06			-119.4818		|
|	0.64	0.01	1.00	0.00	0.00	0.42	0.31	0.06			-119.4800		|
|	0.64	0.01	1.00	0.00	0.00	0.42	0.31	0.06			-119.4786		|
|	0.65	0.01	1.00	0.00	0.00	0.42	0.31	0.06			-119.4774		|
|	0.65	0.01	1.00	0.00	0.00	0.42	0.31	0.06			-119.4765		|
|	0.65	0.01	1.00	0.00	0.00	0.42	0.31	0.06			-119.4757		|
|	0.65	0.01	1.00	0.00	0.00	0.42	0.31	0.06			-119.4750		|
|	0.66	0.01	1.00	0.00	0.00	0.42	0.31	0.06			-119.4744		|
|	0.66	0.01	1.00	0.00	0.00	0.42	0.31	0.06			-119.4739		|
|	0.66	0.01	1.00	0.00	0.00	0.42	0.31	0.06			-119.4735		|
|	0.66	0.01	1.00	0.00	0.00	0.42	0.31	0.06			-119.4731		|
|	0.66	0.01	1.00	0.00	0.00	0.42	0.31	0.06			-119.4727		|
|	0.66	0.01	1.00	0.00	0.00	0.42	0.31	0.06			-119.4725		|
|	0.66	0.01	1.00	0.00	0.00	0.42	0.31	0.06			-119.4722		|
|	0.67	0.01	1.00	0.00	0.00	0.42	0.31	0.06			-119.4719		|
|	0.67	0.01	1.00	0.00	0.00	0.42	0.31	0.06			-119.4717		|
|	0.67	0.01	1.00	0.00	0.00	0.42	0.31	0.06			-119.4715		|
|	0.67	0.01	1.00	0.00	0.00	0.42	0.31	0.06			-119.4714		|
|	0.67	0.01	1.00	0.00	0.00	0.42	0.31	0.06			-119.4712		|
|	0.67	0.01	1.00	0.00	0.00	0.42	0.31	0.06			-119.4710		|
|	0.67	0.01	1.00	0.00	0.00	0.42	0.31	0.06			-119.4709		|
|	0.67	0.01	1.00	0.00	0.00	0.42	0.31	0.06			-119.4708		|
|	0.67	0.01	1.00	0.00	0.00	0.42	0.31	0.06			-119.4707		|
|	0.67	0.01	1.00	0.00	0.00	0.42	0.31	0.06			-119.4706		|
|	0.68	0.01	1.00	0.00	0.00	0.42	0.31	0.06			-119.4705		|
|	0.68	0.01	1.00	0.00	0.00	0.42	0.31	0.06			-119.4704		|
|	0.68	0.01	1.00	0.00	0.00	0.43	0.31	0.06			-119.4703		|
|	0.68	0.01	1.00	0.00	0.00	0.43	0.31	0.06			-119.4702		|
|	0.68	0.01	1.00	0.00	0.00	0.43	0.31	0.06			-119.4701		|
|	0.68	0.01	1.00	0.00	0.00	0.43	0.31	0.06			-119.4701		|
|	0.68	0.01	1.00	0.00	0.00	0.43	0.31	0.06			-119.4700		|
|	0.68	0.00	1.00	0.00	0.00	0.43	0.31	0.06			-119.4699		|
|	0.68	0.00	1.00	0.00	0.00	0.43	0.31	0.06			-119.4699		|
|	0.68	0.00	1.00	0.00	0.00	0.43	0.31	0.06			-119.4698		|
|	0.68	0.00	1.00	0.00	0.00	0.43	0.31	0.06			-119.4698		|
|	0.68	0.00	1.00	0.00	0.00	0.43	0.31	0.06			-119.4697		|
|	0.68	0.00	1.00	0.00	0.00	0.43	0.31	0.06			-119.4697		|
|	0.68	0.00	1.00	0.00	0.00	0.43	0.31	0.06			-119.4696		|
|	0.68	0.00	1.00	0.00	0.00	0.43	0.31	0.06			-119.4696		|
|	0.68	0.00	1.00	0.00	0.00	0.43	0.31	0.06			-119.4695		|
|	0.68	0.00	1.00	0.00	0.00	0.43	0.31	0.06			-119.4695		|
|	0.68	0.00	1.00	0.00	0.00	0.43	0.31	0.06			-119.4695		|
|	0.69	0.00	1.00	0.00	0.00	0.43	0.31	0.06			-119.4694		|
|	0.69	0.00	1.00	0.00	0.00	0.43	0.31	0.06			-119.4694		|
|	0.69	0.00	1.00	0.00	0.00	0.43	0.31	0.06			-119.4694		|
|	0.69	0.00	1.00	0.00	0.00	0.43	0.31	0.06			-119.4693		|
|	0.69	0.00	1.00	0.00	0.00	0.43	0.31	0.06			-119.4693		|
|	0.69	0.00	1.00	0.00	0.00	0.43	0.31	0.06			-119.4693		|
|	0.69	0.00	1.00	0.00	0.00	0.43	0.31	0.06			-119.4693		|
|	0.69	0.00	1.00	0.00	0.00	0.43	0.31	0.06			-119.4692		|
|	0.69	0.00	1.00	0.00	0.00	0.43	0.31	0.06			-119.4692		|
|	0.69	0.00	1.00	0.00	0.00	0.43	0.31	0.06			-119.4692		|
|	0.69	0.00	1.00	0.00	0.00	0.43	0.31	0.06			-119.4692		|
|	0.69	0.00	1.00	0.00	0.00	0.43	0.31	0.06			-119.4691		|
|	0.69	0.00	1.00	0.00	0.00	0.43	0.31	0.06			-119.4691		|
|	0.69	0.00	1.00	0.00	0.00	0.43	0.31	0.06			-119.4691		|
|	0.69	0.00	1.00	0.00	0.00	0.43	0.31	0.06			-119.4691		|
|	0.69	0.00	1.00	0.00	0.00	0.43	0.31	0.06			-119.4691		|
|	0.69	0.00	1.00	0.00	0.00	0.43	0.31	0.06			-119.4690		|
|	0.69	0.00	1.00	0.00	0.00	0.43	0.31	0.06			-119.4690		|
|	0.69	0.00	1.00	0.00	0.00	0.43	0.31	0.06			-119.4690		|
|	0.69	0.00	1.00	0.00	0.00	0.43	0.31	0.06			-119.4690		|
|	0.69	0.00	1.00	0.00	0.00	0.43	0.31	0.06			-119.4690		|
|	0.69	0.00	1.00	0.00	0.00	0.43	0.31	0.06			-119.4690		|
|	0.69	0.00	1.00	0.00	0.00	0.43	0.31	0.06			-119.4689		|
|	0.69	0.00	1.00	0.00	0.00	0.43	0.31	0.06			-119.4689		|
|	0.69	0.00	1.00	0.00	0.00	0.43	0.31	0.06			-119.4689		|
|	0.69	0.00	1.00	0.00	0.00	0.43	0.31	0.06			-119.4689		|
|	0.69	0.00	1.00	0.00	0.00	0.43	0.31	0.06			-119.4689		|
|	0.69	0.00	1.00	0.00	0.00	0.43	0.31	0.06			-119.4689		|
|	0.69	0.00	1.00	0.00	0.00	0.43	0.31	0.06			-119.4689		|
|	0.69	0.00	1.00	0.00	0.00	0.43	0.31	0.06			-119.4688		|
|	0.69	0.00	1.00	0.00	0.00	0.43	0.31	0.06			-119.4688		|
|	0.69	0.00	1.00	0.00	0.00	0.43	0.31	0.06			-119.4688		|
|	0.69	0.00	1.00	0.00	0.00	0.43	0.31	0.06			-119.4688		|
|	0.69	0.00	1.00	0.00	0.00	0.43	0.31	0.06			-119.4688		|
|	0.69	0.00	1.00	0.00	0.00	0.43	0.31	0.06			-119.4688		|
|	0.69	0.00	1.00	0.00	0.00	0.43	0.31	0.06			-119.4688		|
|	0.69	0.00	1.00	0.00	0.00	0.43	0.31	0.06			-119.4688		|
|	0.70	0.00	1.00	0.00	0.00	0.43	0.31	0.06			-119.4688		|

A  A  A  T  T  T  T  A  T  T  A  C  G  T  T  T  A  G  T  A  G  A  A  G  A  G  A  A  A  G  G  T  A  A  A  C  A  T  G  A  T  G  G  T  T  C  A  G  T  G  G  T  G  C  T  A  G  A  T  G  A  A  C  A  A  A  C  A  A  T  T  A  T  A  A  A  A  T  A  A  A  A  T  G  A  A  G  T  A  T  T  T  G  T  A  T  A  G  A  A  
--------------------------------------------------------------------------------------------------------------------------------------------------------------------------------------------------------------------------------------------------------------------------------------------------------------
|	T_IG	T_GI	E_IA	E_IT	E_IC	E_GA	E_GT	E_GC			score (log likelihood)	|
|	0.32	0.63	0.05	0.81	0.01	0.41	0.29	0.04			-139.8423		|
|	0.37	0.27	0.29	0.43	0.02	0.45	0.25	0.08			-124.0225		|
|	0.32	0.20	0.39	0.35	0.02	0.43	0.27	0.08			-122.7347		|
|	0.29	0.16	0.46	0.29	0.01	0.42	0.28	0.08			-121.9659		|
|	0.26	0.14	0.54	0.22	0.01	0.41	0.30	0.07			-121.2955		|
|	0.24	0.12	0.61	0.15	0.00	0.40	0.31	0.07			-120.7297		|
|	0.22	0.11	0.65	0.11	0.00	0.39	0.32	0.07			-120.4144		|
|	0.21	0.10	0.67	0.08	0.00	0.39	0.33	0.07			-120.3040		|
|	0.20	0.10	0.67	0.07	0.00	0.39	0.33	0.08			-120.2732		|
|	0.20	0.10	0.68	0.06	0.00	0.39	0.33	0.08			-120.2640		|
|	0.20	0.10	0.68	0.06	0.00	0.39	0.33	0.08			-120.2600		|
|	0.20	0.10	0.68	0.06	0.00	0.39	0.33	0.07			-120.2573		|
|	0.20	0.09	0.68	0.06	0.00	0.39	0.33	0.07			-120.2550		|
|	0.20	0.09	0.68	0.05	0.00	0.39	0.33	0.07			-120.2529		|
|	0.20	0.09	0.68	0.05	0.00	0.39	0.33	0.07			-120.2509		|
|	0.21	0.09	0.69	0.05	0.00	0.39	0.33	0.07			-120.2490		|
|	0.21	0.09	0.69	0.05	0.00	0.39	0.33	0.07			-120.2472		|
|	0.21	0.09	0.69	0.05	0.00	0.39	0.33	0.07			-120.2455		|
|	0.21	0.09	0.69	0.05	0.00	0.39	0.33	0.07			-120.2438		|
|	0.21	0.09	0.69	0.05	0.00	0.39	0.33	0.07			-120.2421		|
|	0.22	0.09	0.69	0.04	0.00	0.39	0.33	0.07			-120.2404		|
|	0.22	0.09	0.70	0.04	0.00	0.39	0.33	0.07			-120.2387		|
|	0.22	0.09	0.70	0.04	0.00	0.39	0.33	0.07			-120.2369		|
|	0.22	0.08	0.70	0.04	0.00	0.39	0.33	0.07			-120.2350		|
|	0.23	0.08	0.70	0.04	0.00	0.39	0.33	0.07			-120.2331		|
|	0.23	0.08	0.71	0.04	0.00	0.40	0.33	0.07			-120.2310		|
|	0.23	0.08	0.71	0.03	0.00	0.40	0.33	0.07			-120.2287		|
|	0.23	0.08	0.71	0.03	0.00	0.40	0.33	0.07			-120.2263		|
|	0.24	0.08	0.71	0.03	0.00	0.40	0.33	0.07			-120.2236		|
|	0.24	0.08	0.72	0.03	0.00	0.40	0.33	0.07			-120.2207		|
|	0.24	0.08	0.72	0.03	0.00	0.40	0.33	0.07			-120.2174		|
|	0.25	0.08	0.72	0.02	0.00	0.40	0.33	0.07			-120.2138		|
|	0.25	0.08	0.73	0.02	0.00	0.40	0.32	0.07			-120.2097		|
|	0.26	0.07	0.73	0.02	0.00	0.40	0.32	0.07			-120.2050		|
|	0.26	0.07	0.73	0.02	0.00	0.40	0.32	0.07			-120.1998		|
|	0.27	0.07	0.74	0.02	0.00	0.40	0.32	0.07			-120.1939		|
|	0.27	0.07	0.74	0.01	0.00	0.40	0.32	0.07			-120.1871		|
|	0.28	0.07	0.75	0.01	0.00	0.40	0.32	0.07			-120.1792		|
|	0.29	0.06	0.75	0.01	0.00	0.40	0.32	0.07			-120.1701		|
|	0.30	0.06	0.76	0.01	0.00	0.41	0.32	0.07			-120.1591		|
|	0.31	0.06	0.77	0.01	0.00	0.41	0.32	0.07			-120.1456		|
|	0.32	0.06	0.78	0.00	0.00	0.41	0.32	0.07			-120.1278		|
|	0.33	0.05	0.79	0.00	0.00	0.41	0.32	0.07			-120.1026		|
|	0.36	0.05	0.81	0.00	0.00	0.41	0.31	0.07			-120.0636		|
|	0.39	0.05	0.83	0.00	0.00	0.41	0.31	0.07			-119.9985		|
|	0.43	0.04	0.87	0.00	0.00	0.41	0.31	0.06			-119.8907		|
|	0.49	0.03	0.91	0.00	0.00	0.42	0.31	0.06			-119.7453		|
|	0.54	0.03	0.96	0.00	0.00	0.42	0.31	0.06			-119.6183		|
|	0.58	0.03	0.99	0.00	0.00	0.42	0.31	0.06			-119.5471		|
|	0.60	0.02	1.00	0.00	0.00	0.42	0.31	0.06			-119.5150		|
|	0.61	0.02	1.00	0.00	0.00	0.42	0.31	0.06			-119.5005		|
|	0.62	0.02	1.00	0.00	0.00	0.42	0.31	0.06			-119.4930		|
|	0.63	0.02	1.00	0.00	0.00	0.42	0.31	0.06			-119.4883		|
|	0.63	0.02	1.00	0.00	0.00	0.42	0.31	0.06			-119.4850		|
|	0.64	0.01	1.00	0.00	0.00	0.42	0.31	0.06			-119.4825		|
|	0.64	0.01	1.00	0.00	0.00	0.42	0.31	0.06			-119.4805		|
|	0.64	0.01	1.00	0.00	0.00	0.42	0.31	0.06			-119.4790		|
|	0.65	0.01	1.00	0.00	0.00	0.42	0.31	0.06			-119.4778		|
|	0.65	0.01	1.00	0.00	0.00	0.42	0.31	0.06			-119.4768		|
|	0.65	0.01	1.00	0.00	0.00	0.42	0.31	0.06			-119.4759		|
|	0.65	0.01	1.00	0.00	0.00	0.42	0.31	0.06			-119.4752		|
|	0.66	0.01	1.00	0.00	0.00	0.42	0.31	0.06			-119.4746		|
|	0.66	0.01	1.00	0.00	0.00	0.42	0.31	0.06			-119.4741		|
|	0.66	0.01	1.00	0.00	0.00	0.42	0.31	0.06			-119.4736		|
|	0.66	0.01	1.00	0.00	0.00	0.42	0.31	0.06			-119.4732		|
|	0.66	0.01	1.00	0.00	0.00	0.42	0.31	0.06			-119.4729		|
|	0.66	0.01	1.00	0.00	0.00	0.42	0.31	0.06			-119.4725		|
|	0.66	0.01	1.00	0.00	0.00	0.42	0.31	0.06			-119.4723		|
|	0.67	0.01	1.00	0.00	0.00	0.42	0.31	0.06			-119.4720		|
|	0.67	0.01	1.00	0.00	0.00	0.42	0.31	0.06			-119.4718		|
|	0.67	0.01	1.00	0.00	0.00	0.42	0.31	0.06			-119.4716		|
|	0.67	0.01	1.00	0.00	0.00	0.42	0.31	0.06			-119.4714		|
|	0.67	0.01	1.00	0.00	0.00	0.42	0.31	0.06			-119.4712		|
|	0.67	0.01	1.00	0.00	0.00	0.42	0.31	0.06			-119.4711		|
|	0.67	0.01	1.00	0.00	0.00	0.42	0.31	0.06			-119.4710		|
|	0.67	0.01	1.00	0.00	0.00	0.42	0.31	0.06			-119.4708		|
|	0.67	0.01	1.00	0.00	0.00	0.42	0.31	0.06			-119.4707		|
|	0.67	0.01	1.00	0.00	0.00	0.42	0.31	0.06			-119.4706		|
|	0.68	0.01	1.00	0.00	0.00	0.42	0.31	0.06			-119.4705		|
|	0.68	0.01	1.00	0.00	0.00	0.42	0.31	0.06			-119.4704		|
|	0.68	0.01	1.00	0.00	0.00	0.43	0.31	0.06			-119.4703		|
|	0.68	0.01	1.00	0.00	0.00	0.43	0.31	0.06			-119.4702		|
|	0.68	0.01	1.00	0.00	0.00	0.43	0.31	0.06			-119.4702		|
|	0.68	0.01	1.00	0.00	0.00	0.43	0.31	0.06			-119.4701		|
|	0.68	0.01	1.00	0.00	0.00	0.43	0.31	0.06			-119.4700		|
|	0.68	0.00	1.00	0.00	0.00	0.43	0.31	0.06			-119.4700		|
|	0.68	0.00	1.00	0.00	0.00	0.43	0.31	0.06			-119.4699		|
|	0.68	0.00	1.00	0.00	0.00	0.43	0.31	0.06			-119.4698		|
|	0.68	0.00	1.00	0.00	0.00	0.43	0.31	0.06			-119.4698		|
|	0.68	0.00	1.00	0.00	0.00	0.43	0.31	0.06			-119.4697		|
|	0.68	0.00	1.00	0.00	0.00	0.43	0.31	0.06			-119.4697		|
|	0.68	0.00	1.00	0.00	0.00	0.43	0.31	0.06			-119.4696		|
|	0.68	0.00	1.00	0.00	0.00	0.43	0.31	0.06			-119.4696		|
|	0.68	0.00	1.00	0.00	0.00	0.43	0.31	0.06			-119.4696		|
|	0.68	0.00	1.00	0.00	0.00	0.43	0.31	0.06			-119.4695		|
|	0.68	0.00	1.00	0.00	0.00	0.43	0.31	0.06			-119.4695		|
|	0.68	0.00	1.00	0.00	0.00	0.43	0.31	0.06			-119.4694		|
|	0.69	0.00	1.00	0.00	0.00	0.43	0.31	0.06			-119.4694		|
|	0.69	0.00	1.00	0.00	0.00	0.43	0.31	0.06			-119.4694		|
|	0.69	0.00	1.00	0.00	0.00	0.43	0.31	0.06			-119.4693		|
|	0.69	0.00	1.00	0.00	0.00	0.43	0.31	0.06			-119.4693		|
|	0.69	0.00	1.00	0.00	0.00	0.43	0.31	0.06			-119.4693		|
|	0.69	0.00	1.00	0.00	0.00	0.43	0.31	0.06			-119.4693		|
|	0.69	0.00	1.00	0.00	0.00	0.43	0.31	0.06			-119.4692		|
|	0.69	0.00	1.00	0.00	0.00	0.43	0.31	0.06			-119.4692		|
|	0.69	0.00	1.00	0.00	0.00	0.43	0.31	0.06			-119.4692		|
|	0.69	0.00	1.00	0.00	0.00	0.43	0.31	0.06			-119.4692		|
|	0.69	0.00	1.00	0.00	0.00	0.43	0.31	0.06			-119.4691		|
|	0.69	0.00	1.00	0.00	0.00	0.43	0.31	0.06			-119.4691		|
|	0.69	0.00	1.00	0.00	0.00	0.43	0.31	0.06			-119.4691		|
|	0.69	0.00	1.00	0.00	0.00	0.43	0.31	0.06			-119.4691		|
|	0.69	0.00	1.00	0.00	0.00	0.43	0.31	0.06			-119.4691		|
|	0.69	0.00	1.00	0.00	0.00	0.43	0.31	0.06			-119.4690		|
|	0.69	0.00	1.00	0.00	0.00	0.43	0.31	0.06			-119.4690		|
|	0.69	0.00	1.00	0.00	0.00	0.43	0.31	0.06			-119.4690		|
|	0.69	0.00	1.00	0.00	0.00	0.43	0.31	0.06			-119.4690		|
|	0.69	0.00	1.00	0.00	0.00	0.43	0.31	0.06			-119.4690		|
|	0.69	0.00	1.00	0.00	0.00	0.43	0.31	0.06			-119.4690		|
|	0.69	0.00	1.00	0.00	0.00	0.43	0.31	0.06			-119.4689		|
|	0.69	0.00	1.00	0.00	0.00	0.43	0.31	0.06			-119.4689		|
|	0.69	0.00	1.00	0.00	0.00	0.43	0.31	0.06			-119.4689		|
|	0.69	0.00	1.00	0.00	0.00	0.43	0.31	0.06			-119.4689		|
|	0.69	0.00	1.00	0.00	0.00	0.43	0.31	0.06			-119.4689		|
|	0.69	0.00	1.00	0.00	0.00	0.43	0.31	0.06			-119.4689		|
|	0.69	0.00	1.00	0.00	0.00	0.43	0.31	0.06			-119.4689		|
|	0.69	0.00	1.00	0.00	0.00	0.43	0.31	0.06			-119.4688		|
|	0.69	0.00	1.00	0.00	0.00	0.43	0.31	0.06			-119.4688		|
|	0.69	0.00	1.00	0.00	0.00	0.43	0.31	0.06			-119.4688		|
|	0.69	0.00	1.00	0.00	0.00	0.43	0.31	0.06			-119.4688		|
|	0.69	0.00	1.00	0.00	0.00	0.43	0.31	0.06			-119.4688		|
|	0.69	0.00	1.00	0.00	0.00	0.43	0.31	0.06			-119.4688		|
|	0.69	0.00	1.00	0.00	0.00	0.43	0.31	0.06			-119.4688		|
|	0.69	0.00	1.00	0.00	0.00	0.43	0.31	0.06			-119.4688		|
|	0.69	0.00	1.00	0.00	0.00	0.43	0.31	0.06			-119.4688		|

A  A  A  T  T  T  T  A  T  T  A  C  G  T  T  T  A  G  T  A  G  A  A  G  A  G  A  A  A  G  G  T  A  A  A  C  A  T  G  A  T  G  G  T  T  C  A  G  T  G  G  T  G  C  T  A  G  A  T  G  A  A  C  A  A  A  C  A  A  T  T  A  T  A  A  A  A  T  A  A  A  A  T  G  A  A  G  T  A  T  T  T  G  T  A  T  A  G  A  A  
--------------------------------------------------------------------------------------------------------------------------------------------------------------------------------------------------------------------------------------------------------------------------------------------------------------
|	T_IG	T_GI	E_IA	E_IT	E_IC	E_GA	E_GT	E_GC			score (log likelihood)	|
|	0.89	0.44	0.63	0.28	0.02	0.22	0.16	0.17			-148.5794		|
|	0.59	0.19	0.72	0.16	0.04	0.41	0.29	0.07			-122.2825		|
|	0.55	0.10	0.80	0.08	0.05	0.41	0.30	0.07			-120.6019		|
|	0.55	0.06	0.89	0.03	0.03	0.42	0.30	0.06			-119.9989		|
|	0.57	0.04	0.95	0.01	0.01	0.42	0.31	0.06			-119.7276		|
|	0.58	0.03	0.98	0.00	0.00	0.42	0.31	0.06			-119.6021		|
|	0.59	0.03	0.99	0.00	0.00	0.42	0.31	0.06			-119.5449		|
|	0.60	0.02	1.00	0.00	0.00	0.42	0.31	0.06			-119.5180		|
|	0.61	0.02	1.00	0.00	0.00	0.42	0.31	0.06			-119.5041		|
|	0.62	0.02	1.00	0.00	0.00	0.42	0.31	0.06			-119.4959		|
|	0.62	0.02	1.00	0.00	0.00	0.42	0.31	0.06			-119.4904		|
|	0.63	0.02	1.00	0.00	0.00	0.42	0.31	0.06			-119.4866		|
|	0.63	0.01	1.00	0.00	0.00	0.42	0.31	0.06			-119.4837		|
|	0.64	0.01	1.00	0.00	0.00	0.42	0.31	0.06			-119.4815		|
|	0.64	0.01	1.00	0.00	0.00	0.42	0.31	0.06			-119.4798		|
|	0.64	0.01	1.00	0.00	0.00	0.42	0.31	0.06			-119.4784		|
|	0.65	0.01	1.00	0.00	0.00	0.42	0.31	0.06			-119.4773		|
|	0.65	0.01	1.00	0.00	0.00	0.42	0.31	0.06			-119.4763		|
|	0.65	0.01	1.00	0.00	0.00	0.42	0.31	0.06			-119.4756		|
|	0.65	0.01	1.00	0.00	0.00	0.42	0.31	0.06			-119.4749		|
|	0.66	0.01	1.00	0.00	0.00	0.42	0.31	0.06			-119.4743		|
|	0.66	0.01	1.00	0.00	0.00	0.42	0.31	0.06			-119.4738		|
|	0.66	0.01	1.00	0.00	0.00	0.42	0.31	0.06			-119.4734		|
|	0.66	0.01	1.00	0.00	0.00	0.42	0.31	0.06			-119.4730		|
|	0.66	0.01	1.00	0.00	0.00	0.42	0.31	0.06			-119.4727		|
|	0.66	0.01	1.00	0.00	0.00	0.42	0.31	0.06			-119.4724		|
|	0.67	0.01	1.00	0.00	0.00	0.42	0.31	0.06			-119.4722		|
|	0.67	0.01	1.00	0.00	0.00	0.42	0.31	0.06			-119.4719		|
|	0.67	0.01	1.00	0.00	0.00	0.42	0.31	0.06			-119.4717		|
|	0.67	0.01	1.00	0.00	0.00	0.42	0.31	0.06			-119.4715		|
|	0.67	0.01	1.00	0.00	0.00	0.42	0.31	0.06			-119.4713		|
|	0.67	0.01	1.00	0.00	0.00	0.42	0.31	0.06			-119.4712		|
|	0.67	0.01	1.00	0.00	0.00	0.42	0.31	0.06			-119.4710		|
|	0.67	0.01	1.00	0.00	0.00	0.42	0.31	0.06			-119.4709		|
|	0.67	0.01	1.00	0.00	0.00	0.42	0.31	0.06			-119.4708		|
|	0.67	0.01	1.00	0.00	0.00	0.42	0.31	0.06			-119.4707		|
|	0.67	0.01	1.00	0.00	0.00	0.42	0.31	0.06			-119.4706		|
|	0.68	0.01	1.00	0.00	0.00	0.42	0.31	0.06			-119.4705		|
|	0.68	0.01	1.00	0.00	0.00	0.42	0.31	0.06			-119.4704		|
|	0.68	0.01	1.00	0.00	0.00	0.43	0.31	0.06			-119.4703		|
|	0.68	0.01	1.00	0.00	0.00	0.43	0.31	0.06			-119.4702		|
|	0.68	0.01	1.00	0.00	0.00	0.43	0.31	0.06			-119.4701		|
|	0.68	0.01	1.00	0.00	0.00	0.43	0.31	0.06			-119.4701		|
|	0.68	0.00	1.00	0.00	0.00	0.43	0.31	0.06			-119.4700		|
|	0.68	0.00	1.00	0.00	0.00	0.43	0.31	0.06			-119.4699		|
|	0.68	0.00	1.00	0.00	0.00	0.43	0.31	0.06			-119.4699		|
|	0.68	0.00	1.00	0.00	0.00	0.43	0.31	0.06			-119.4698		|
|	0.68	0.00	1.00	0.00	0.00	0.43	0.31	0.06			-119.4698		|
|	0.68	0.00	1.00	0.00	0.00	0.43	0.31	0.06			-119.4697		|
|	0.68	0.00	1.00	0.00	0.00	0.43	0.31	0.06			-119.4697		|
|	0.68	0.00	1.00	0.00	0.00	0.43	0.31	0.06			-119.4696		|
|	0.68	0.00	1.00	0.00	0.00	0.43	0.31	0.06			-119.4696		|
|	0.68	0.00	1.00	0.00	0.00	0.43	0.31	0.06			-119.4695		|
|	0.68	0.00	1.00	0.00	0.00	0.43	0.31	0.06			-119.4695		|
|	0.68	0.00	1.00	0.00	0.00	0.43	0.31	0.06			-119.4695		|
|	0.69	0.00	1.00	0.00	0.00	0.43	0.31	0.06			-119.4694		|
|	0.69	0.00	1.00	0.00	0.00	0.43	0.31	0.06			-119.4694		|
|	0.69	0.00	1.00	0.00	0.00	0.43	0.31	0.06			-119.4694		|
|	0.69	0.00	1.00	0.00	0.00	0.43	0.31	0.06			-119.4693		|
|	0.69	0.00	1.00	0.00	0.00	0.43	0.31	0.06			-119.4693		|
|	0.69	0.00	1.00	0.00	0.00	0.43	0.31	0.06			-119.4693		|
|	0.69	0.00	1.00	0.00	0.00	0.43	0.31	0.06			-119.4693		|
|	0.69	0.00	1.00	0.00	0.00	0.43	0.31	0.06			-119.4692		|
|	0.69	0.00	1.00	0.00	0.00	0.43	0.31	0.06			-119.4692		|
|	0.69	0.00	1.00	0.00	0.00	0.43	0.31	0.06			-119.4692		|
|	0.69	0.00	1.00	0.00	0.00	0.43	0.31	0.06			-119.4692		|
|	0.69	0.00	1.00	0.00	0.00	0.43	0.31	0.06			-119.4691		|
|	0.69	0.00	1.00	0.00	0.00	0.43	0.31	0.06			-119.4691		|
|	0.69	0.00	1.00	0.00	0.00	0.43	0.31	0.06			-119.4691		|
|	0.69	0.00	1.00	0.00	0.00	0.43	0.31	0.06			-119.4691		|
|	0.69	0.00	1.00	0.00	0.00	0.43	0.31	0.06			-119.4691		|
|	0.69	0.00	1.00	0.00	0.00	0.43	0.31	0.06			-119.4690		|
|	0.69	0.00	1.00	0.00	0.00	0.43	0.31	0.06			-119.4690		|
|	0.69	0.00	1.00	0.00	0.00	0.43	0.31	0.06			-119.4690		|
|	0.69	0.00	1.00	0.00	0.00	0.43	0.31	0.06			-119.4690		|
|	0.69	0.00	1.00	0.00	0.00	0.43	0.31	0.06			-119.4690		|
|	0.69	0.00	1.00	0.00	0.00	0.43	0.31	0.06			-119.4690		|
|	0.69	0.00	1.00	0.00	0.00	0.43	0.31	0.06			-119.4689		|
|	0.69	0.00	1.00	0.00	0.00	0.43	0.31	0.06			-119.4689		|
|	0.69	0.00	1.00	0.00	0.00	0.43	0.31	0.06			-119.4689		|
|	0.69	0.00	1.00	0.00	0.00	0.43	0.31	0.06			-119.4689		|
|	0.69	0.00	1.00	0.00	0.00	0.43	0.31	0.06			-119.4689		|
|	0.69	0.00	1.00	0.00	0.00	0.43	0.31	0.06			-119.4689		|
|	0.69	0.00	1.00	0.00	0.00	0.43	0.31	0.06			-119.4689		|
|	0.69	0.00	1.00	0.00	0.00	0.43	0.31	0.06			-119.4688		|
|	0.69	0.00	1.00	0.00	0.00	0.43	0.31	0.06			-119.4688		|
|	0.69	0.00	1.00	0.00	0.00	0.43	0.31	0.06			-119.4688		|
|	0.69	0.00	1.00	0.00	0.00	0.43	0.31	0.06			-119.4688		|
|	0.69	0.00	1.00	0.00	0.00	0.43	0.31	0.06			-119.4688		|
|	0.69	0.00	1.00	0.00	0.00	0.43	0.31	0.06			-119.4688		|
|	0.69	0.00	1.00	0.00	0.00	0.43	0.31	0.06			-119.4688		|
|	0.69	0.00	1.00	0.00	0.00	0.43	0.31	0.06			-119.4688		|
|	0.70	0.00	1.00	0.00	0.00	0.43	0.31	0.06			-119.4688		|

A  A  A  T  T  T  T  A  T  T  A  C  G  T  T  T  A  G  T  A  G  A  A  G  A  G  A  A  A  G  G  T  A  A  A  C  A  T  G  A  T  G  G  T  T  C  A  G  T  G  G  T  G  C  T  A  G  A  T  G  A  A  C  A  A  A  C  A  A  T  T  A  T  A  A  A  A  T  A  A  A  A  T  G  A  A  G  T  A  T  T  T  G  T  A  T  A  G  A  A  
--------------------------------------------------------------------------------------------------------------------------------------------------------------------------------------------------------------------------------------------------------------------------------------------------------------
|	T_IG	T_GI	E_IA	E_IT	E_IC	E_GA	E_GT	E_GC			score (log likelihood)	|
|	0.48	0.78	0.86	0.11	0.02	0.88	0.02	0.10			-228.8867		|
|	0.20	0.66	0.33	0.35	0.05	0.51	0.17	0.10			-123.8154		|
|	0.14	0.63	0.34	0.33	0.05	0.54	0.18	0.09			-122.4403		|
|	0.11	0.60	0.35	0.33	0.05	0.56	0.17	0.09			-121.8609		|
|	0.09	0.59	0.36	0.33	0.05	0.58	0.17	0.10			-121.4963		|
|	0.07	0.57	0.36	0.33	0.05	0.60	0.15	0.10			-121.2272		|
|	0.06	0.56	0.37	0.33	0.05	0.63	0.14	0.11			-121.0162		|
|	0.06	0.55	0.37	0.33	0.05	0.65	0.13	0.12			-120.8353		|
|	0.05	0.56	0.37	0.33	0.05	0.67	0.12	0.13			-120.6443		|
|	0.05	0.58	0.38	0.33	0.05	0.69	0.11	0.14			-120.4093		|
|	0.04	0.60	0.38	0.32	0.05	0.71	0.11	0.15			-120.1516		|
|	0.04	0.62	0.38	0.32	0.05	0.73	0.09	0.16			-119.9447		|
|	0.04	0.65	0.38	0.32	0.05	0.75	0.08	0.16			-119.8186		|
|	0.04	0.68	0.38	0.32	0.05	0.76	0.07	0.17			-119.7468		|
|	0.04	0.71	0.38	0.32	0.05	0.77	0.06	0.17			-119.7001		|
|	0.04	0.74	0.38	0.32	0.05	0.78	0.05	0.17			-119.6608		|
|	0.04	0.77	0.38	0.32	0.05	0.78	0.05	0.17			-119.6166		|
|	0.04	0.81	0.38	0.32	0.05	0.79	0.04	0.17			-119.5512		|
|	0.04	0.86	0.38	0.32	0.05	0.80	0.03	0.17			-119.4306		|
|	0.04	0.93	0.39	0.32	0.05	0.81	0.02	0.17			-119.2000		|
|	0.04	0.98	0.39	0.32	0.05	0.83	0.00	0.17			-118.9244		|
|	0.04	1.00	0.39	0.32	0.05	0.83	0.00	0.17			-118.8318		|
|	0.04	1.00	0.39	0.32	0.05	0.83	0.00	0.17			-118.8281		|
|	0.04	1.00	0.38	0.32	0.05	0.83	0.00	0.17			-118.8281		|
|	0.04	1.00	0.38	0.32	0.05	0.83	0.00	0.17			-118.8280		|

A  A  A  T  T  T  T  A  T  T  A  C  G  T  T  T  A  G  T  A  G  A  A  G  A  G  A  A  A  G  G  T  A  A  A  C  A  T  G  A  T  G  G  T  T  C  A  G  T  G  G  T  G  C  T  A  G  A  T  G  A  A  C  A  A  A  C  A  A  T  T  A  T  A  A  A  A  T  A  A  A  A  T  G  A  A  G  T  A  T  T  T  G  T  A  T  A  G  A  A  
--------------------------------------------------------------------------------------------------------------------------------------------------------------------------------------------------------------------------------------------------------------------------------------------------------------
|	T_IG	T_GI	E_IA	E_IT	E_IC	E_GA	E_GT	E_GC			score (log likelihood)	|
|	0.92	0.99	0.83	0.01	0.08	0.78	0.10	0.08			-229.9893		|
|	0.38	0.44	0.54	0.14	0.04	0.39	0.29	0.08			-123.6378		|
|	0.29	0.32	0.58	0.11	0.03	0.38	0.32	0.08			-121.5726		|
|	0.24	0.26	0.62	0.09	0.04	0.36	0.34	0.08			-120.5052		|
|	0.20	0.24	0.65	0.06	0.05	0.35	0.36	0.07			-119.7830		|
|	0.17	0.23	0.67	0.05	0.07	0.33	0.38	0.07			-119.3026		|
|	0.16	0.24	0.68	0.05	0.08	0.31	0.39	0.06			-119.0846		|
|	0.15	0.25	0.69	0.04	0.08	0.30	0.40	0.06			-119.0205		|
|	0.15	0.25	0.69	0.04	0.08	0.29	0.40	0.06			-119.0038		|
|	0.15	0.25	0.69	0.04	0.08	0.29	0.41	0.06			-118.9979		|
|	0.15	0.26	0.69	0.05	0.08	0.29	0.41	0.06			-118.9939		|
|	0.15	0.26	0.69	0.05	0.08	0.29	0.41	0.06			-118.9902		|
|	0.14	0.26	0.69	0.05	0.08	0.28	0.41	0.06			-118.9864		|
|	0.14	0.26	0.69	0.05	0.08	0.28	0.41	0.06			-118.9825		|
|	0.14	0.26	0.69	0.05	0.08	0.28	0.41	0.06			-118.9784		|
|	0.14	0.26	0.69	0.05	0.08	0.28	0.41	0.06			-118.9743		|
|	0.14	0.26	0.69	0.06	0.08	0.28	0.42	0.06			-118.9702		|
|	0.14	0.26	0.69	0.06	0.08	0.27	0.42	0.06			-118.9662		|
|	0.13	0.26	0.69	0.06	0.08	0.27	0.42	0.06			-118.9623		|
|	0.13	0.26	0.68	0.06	0.08	0.27	0.42	0.06			-118.9586		|
|	0.13	0.26	0.68	0.06	0.08	0.27	0.42	0.06			-118.9552		|
|	0.13	0.26	0.68	0.06	0.07	0.27	0.42	0.06			-118.9520		|
|	0.13	0.26	0.68	0.06	0.07	0.27	0.42	0.06			-118.9492		|
|	0.13	0.26	0.68	0.07	0.07	0.26	0.42	0.06			-118.9468		|
|	0.12	0.26	0.68	0.07	0.07	0.26	0.42	0.06			-118.9447		|
|	0.12	0.26	0.68	0.07	0.07	0.26	0.43	0.06			-118.9429		|
|	0.12	0.26	0.68	0.07	0.07	0.26	0.43	0.06			-118.9414		|
|	0.12	0.26	0.68	0.07	0.07	0.26	0.43	0.06			-118.9402		|
|	0.12	0.26	0.68	0.07	0.07	0.26	0.43	0.06			-118.9393		|
|	0.12	0.26	0.68	0.07	0.07	0.26	0.43	0.06			-118.9385		|
|	0.12	0.26	0.68	0.07	0.07	0.26	0.43	0.06			-118.9379		|
|	0.12	0.26	0.67	0.07	0.07	0.26	0.43	0.06			-118.9374		|
|	0.12	0.26	0.67	0.07	0.07	0.26	0.43	0.06			-118.9370		|
|	0.12	0.26	0.67	0.07	0.07	0.26	0.43	0.06			-118.9367		|
|	0.12	0.26	0.67	0.07	0.07	0.26	0.43	0.06			-118.9365		|
|	0.12	0.26	0.67	0.08	0.07	0.26	0.43	0.06			-118.9364		|
|	0.12	0.26	0.67	0.08	0.07	0.25	0.43	0.06			-118.9362		|
|	0.12	0.26	0.67	0.08	0.07	0.25	0.43	0.06			-118.9361		|
|	0.12	0.26	0.67	0.08	0.07	0.25	0.43	0.06			-118.9361		|
|	0.12	0.26	0.67	0.08	0.07	0.25	0.43	0.06			-118.9360		|
|	0.12	0.26	0.67	0.08	0.07	0.25	0.43	0.06			-118.9360		|
|	0.12	0.26	0.67	0.08	0.07	0.25	0.43	0.06			-118.9360		|
|	0.12	0.26	0.67	0.08	0.07	0.25	0.43	0.06			-118.9359		|
|	0.12	0.26	0.67	0.08	0.07	0.25	0.43	0.06			-118.9359		|
|	0.12	0.26	0.67	0.08	0.07	0.25	0.43	0.06			-118.9359		|
|	0.11	0.26	0.67	0.08	0.07	0.25	0.43	0.06			-118.9359		|

A  A  A  T  T  T  T  A  T  T  A  C  G  T  T  T  A  G  T  A  G  A  A  G  A  G  A  A  A  G  G  T  A  A  A  C  A  T  G  A  T  G  G  T  T  C  A  G  T  G  G  T  G  C  T  A  G  A  T  G  A  A  C  A  A  A  C  A  A  T  T  A  T  A  A  A  A  T  A  A  A  A  T  G  A  A  G  T  A  T  T  T  G  T  A  T  A  G  A  A  
--------------------------------------------------------------------------------------------------------------------------------------------------------------------------------------------------------------------------------------------------------------------------------------------------------------
|	T_IG	T_GI	E_IA	E_IT	E_IC	E_GA	E_GT	E_GC			score (log likelihood)	|
|	0.01	0.01	0.92	0.04	0.02	0.98	0.01	0.00			-198.5603		|
|	0.00	0.83	0.44	0.30	0.06	0.88	0.09	0.02			-121.3028		|
|	0.00	0.90	0.44	0.30	0.06	0.91	0.05	0.04			-121.2887		|
|	0.00	0.96	0.44	0.30	0.06	0.90	0.01	0.08			-121.2489		|
|	0.00	1.00	0.44	0.30	0.06	0.87	0.00	0.13			-121.1419		|
|	0.00	1.00	0.44	0.30	0.06	0.83	0.00	0.17			-120.8919		|
|	0.01	1.00	0.43	0.30	0.06	0.80	0.00	0.20			-120.4093		|
|	0.01	1.00	0.42	0.31	0.06	0.80	0.00	0.20			-119.7486		|
|	0.02	1.00	0.41	0.31	0.05	0.81	0.00	0.19			-119.1929		|
|	0.03	1.00	0.40	0.32	0.05	0.82	0.00	0.18			-118.9247		|
|	0.04	1.00	0.39	0.32	0.05	0.83	0.00	0.17			-118.8469		|
|	0.04	1.00	0.39	0.32	0.05	0.83	0.00	0.17			-118.8312		|
|	0.04	1.00	0.39	0.32	0.05	0.83	0.00	0.17			-118.8285		|
|	0.04	1.00	0.39	0.32	0.05	0.83	0.00	0.17			-118.8281		|
|	0.04	1.00	0.38	0.32	0.05	0.83	0.00	0.17			-118.8281		|
|	0.04	1.00	0.38	0.32	0.05	0.83	0.00	0.17			-118.8280		|

A  A  A  T  T  T  T  A  T  T  A  C  G  T  T  T  A  G  T  A  G  A  A  G  A  G  A  A  A  G  G  T  A  A  A  C  A  T  G  A  T  G  G  T  T  C  A  G  T  G  G  T  G  C  T  A  G  A  T  G  A  A  C  A  A  A  C  A  A  T  T  A  T  A  A  A  A  T  A  A  A  A  T  G  A  A  G  T  A  T  T  T  G  T  A  T  A  G  A  A  
--------------------------------------------------------------------------------------------------------------------------------------------------------------------------------------------------------------------------------------------------------------------------------------------------------------
|	T_IG	T_GI	E_IA	E_IT	E_IC	E_GA	E_GT	E_GC			score (log likelihood)	|
|	0.83	0.55	0.88	0.02	0.08	0.68	0.09	0.11			-155.1610		|
|	0.59	0.19	0.74	0.09	0.13	0.41	0.29	0.06			-122.0892		|
|	0.57	0.10	0.81	0.04	0.11	0.41	0.30	0.06			-120.5883		|
|	0.58	0.07	0.89	0.02	0.07	0.42	0.30	0.06			-120.0080		|
|	0.59	0.05	0.95	0.00	0.03	0.42	0.31	0.06			-119.7317		|
|	0.59	0.04	0.98	0.00	0.01	0.42	0.31	0.06			-119.6020		|
|	0.60	0.03	0.99	0.00	0.00	0.42	0.31	0.06			-119.5441		|
|	0.61	0.02	1.00	0.00	0.00	0.42	0.31	0.06			-119.5177		|
|	0.61	0.02	1.00	0.00	0.00	0.42	0.31	0.06			-119.5040		|
|	0.62	0.02	1.00	0.00	0.00	0.42	0.31	0.06			-119.4958		|
|	0.63	0.02	1.00	0.00	0.00	0.42	0.31	0.06			-119.4904		|
|	0.63	0.02	1.00	0.00	0.00	0.42	0.31	0.06			-119.4866		|
|	0.63	0.01	1.00	0.00	0.00	0.42	0.31	0.06			-119.4837		|
|	0.64	0.01	1.00	0.00	0.00	0.42	0.31	0.06			-119.4815		|
|	0.64	0.01	1.00	0.00	0.00	0.42	0.31	0.06			-119.4798		|
|	0.64	0.01	1.00	0.00	0.00	0.42	0.31	0.06			-119.4784		|
|	0.65	0.01	1.00	0.00	0.00	0.42	0.31	0.06			-119.4773		|
|	0.65	0.01	1.00	0.00	0.00	0.42	0.31	0.06			-119.4763		|
|	0.65	0.01	1.00	0.00	0.00	0.42	0.31	0.06			-119.4756		|
|	0.65	0.01	1.00	0.00	0.00	0.42	0.31	0.06			-119.4749		|
|	0.66	0.01	1.00	0.00	0.00	0.42	0.31	0.06			-119.4743		|
|	0.66	0.01	1.00	0.00	0.00	0.42	0.31	0.06			-119.4738		|
|	0.66	0.01	1.00	0.00	0.00	0.42	0.31	0.06			-119.4734		|
|	0.66	0.01	1.00	0.00	0.00	0.42	0.31	0.06			-119.4730		|
|	0.66	0.01	1.00	0.00	0.00	0.42	0.31	0.06			-119.4727		|
|	0.66	0.01	1.00	0.00	0.00	0.42	0.31	0.06			-119.4724		|
|	0.67	0.01	1.00	0.00	0.00	0.42	0.31	0.06			-119.4722		|
|	0.67	0.01	1.00	0.00	0.00	0.42	0.31	0.06			-119.4719		|
|	0.67	0.01	1.00	0.00	0.00	0.42	0.31	0.06			-119.4717		|
|	0.67	0.01	1.00	0.00	0.00	0.42	0.31	0.06			-119.4715		|
|	0.67	0.01	1.00	0.00	0.00	0.42	0.31	0.06			-119.4713		|
|	0.67	0.01	1.00	0.00	0.00	0.42	0.31	0.06			-119.4712		|
|	0.67	0.01	1.00	0.00	0.00	0.42	0.31	0.06			-119.4710		|
|	0.67	0.01	1.00	0.00	0.00	0.42	0.31	0.06			-119.4709		|
|	0.67	0.01	1.00	0.00	0.00	0.42	0.31	0.06			-119.4708		|
|	0.67	0.01	1.00	0.00	0.00	0.42	0.31	0.06			-119.4707		|
|	0.67	0.01	1.00	0.00	0.00	0.42	0.31	0.06			-119.4706		|
|	0.68	0.01	1.00	0.00	0.00	0.42	0.31	0.06			-119.4705		|
|	0.68	0.01	1.00	0.00	0.00	0.42	0.31	0.06			-119.4704		|
|	0.68	0.01	1.00	0.00	0.00	0.43	0.31	0.06			-119.4703		|
|	0.68	0.01	1.00	0.00	0.00	0.43	0.31	0.06			-119.4702		|
|	0.68	0.01	1.00	0.00	0.00	0.43	0.31	0.06			-119.4701		|
|	0.68	0.01	1.00	0.00	0.00	0.43	0.31	0.06			-119.4701		|
|	0.68	0.00	1.00	0.00	0.00	0.43	0.31	0.06			-119.4700		|
|	0.68	0.00	1.00	0.00	0.00	0.43	0.31	0.06			-119.4699		|
|	0.68	0.00	1.00	0.00	0.00	0.43	0.31	0.06			-119.4699		|
|	0.68	0.00	1.00	0.00	0.00	0.43	0.31	0.06			-119.4698		|
|	0.68	0.00	1.00	0.00	0.00	0.43	0.31	0.06			-119.4698		|
|	0.68	0.00	1.00	0.00	0.00	0.43	0.31	0.06			-119.4697		|
|	0.68	0.00	1.00	0.00	0.00	0.43	0.31	0.06			-119.4697		|
|	0.68	0.00	1.00	0.00	0.00	0.43	0.31	0.06			-119.4696		|
|	0.68	0.00	1.00	0.00	0.00	0.43	0.31	0.06			-119.4696		|
|	0.68	0.00	1.00	0.00	0.00	0.43	0.31	0.06			-119.4695		|
|	0.68	0.00	1.00	0.00	0.00	0.43	0.31	0.06			-119.4695		|
|	0.68	0.00	1.00	0.00	0.00	0.43	0.31	0.06			-119.4695		|
|	0.69	0.00	1.00	0.00	0.00	0.43	0.31	0.06			-119.4694		|
|	0.69	0.00	1.00	0.00	0.00	0.43	0.31	0.06			-119.4694		|
|	0.69	0.00	1.00	0.00	0.00	0.43	0.31	0.06			-119.4694		|
|	0.69	0.00	1.00	0.00	0.00	0.43	0.31	0.06			-119.4693		|
|	0.69	0.00	1.00	0.00	0.00	0.43	0.31	0.06			-119.4693		|
|	0.69	0.00	1.00	0.00	0.00	0.43	0.31	0.06			-119.4693		|
|	0.69	0.00	1.00	0.00	0.00	0.43	0.31	0.06			-119.4693		|
|	0.69	0.00	1.00	0.00	0.00	0.43	0.31	0.06			-119.4692		|
|	0.69	0.00	1.00	0.00	0.00	0.43	0.31	0.06			-119.4692		|
|	0.69	0.00	1.00	0.00	0.00	0.43	0.31	0.06			-119.4692		|
|	0.69	0.00	1.00	0.00	0.00	0.43	0.31	0.06			-119.4692		|
|	0.69	0.00	1.00	0.00	0.00	0.43	0.31	0.06			-119.4691		|
|	0.69	0.00	1.00	0.00	0.00	0.43	0.31	0.06			-119.4691		|
|	0.69	0.00	1.00	0.00	0.00	0.43	0.31	0.06			-119.4691		|
|	0.69	0.00	1.00	0.00	0.00	0.43	0.31	0.06			-119.4691		|
|	0.69	0.00	1.00	0.00	0.00	0.43	0.31	0.06			-119.4691		|
|	0.69	0.00	1.00	0.00	0.00	0.43	0.31	0.06			-119.4690		|
|	0.69	0.00	1.00	0.00	0.00	0.43	0.31	0.06			-119.4690		|
|	0.69	0.00	1.00	0.00	0.00	0.43	0.31	0.06			-119.4690		|
|	0.69	0.00	1.00	0.00	0.00	0.43	0.31	0.06			-119.4690		|
|	0.69	0.00	1.00	0.00	0.00	0.43	0.31	0.06			-119.4690		|
|	0.69	0.00	1.00	0.00	0.00	0.43	0.31	0.06			-119.4690		|
|	0.69	0.00	1.00	0.00	0.00	0.43	0.31	0.06			-119.4689		|
|	0.69	0.00	1.00	0.00	0.00	0.43	0.31	0.06			-119.4689		|
|	0.69	0.00	1.00	0.00	0.00	0.43	0.31	0.06			-119.4689		|
|	0.69	0.00	1.00	0.00	0.00	0.43	0.31	0.06			-119.4689		|
|	0.69	0.00	1.00	0.00	0.00	0.43	0.31	0.06			-119.4689		|
|	0.69	0.00	1.00	0.00	0.00	0.43	0.31	0.06			-119.4689		|
|	0.69	0.00	1.00	0.00	0.00	0.43	0.31	0.06			-119.4689		|
|	0.69	0.00	1.00	0.00	0.00	0.43	0.31	0.06			-119.4688		|
|	0.69	0.00	1.00	0.00	0.00	0.43	0.31	0.06			-119.4688		|
|	0.69	0.00	1.00	0.00	0.00	0.43	0.31	0.06			-119.4688		|
|	0.69	0.00	1.00	0.00	0.00	0.43	0.31	0.06			-119.4688		|
|	0.69	0.00	1.00	0.00	0.00	0.43	0.31	0.06			-119.4688		|
|	0.69	0.00	1.00	0.00	0.00	0.43	0.31	0.06			-119.4688		|
|	0.69	0.00	1.00	0.00	0.00	0.43	0.31	0.06			-119.4688		|
|	0.69	0.00	1.00	0.00	0.00	0.43	0.31	0.06			-119.4688		|
|	0.70	0.00	1.00	0.00	0.00	0.43	0.31	0.06			-119.4688		|

A  A  A  T  T  T  T  A  T  T  A  C  G  T  T  T  A  G  T  A  G  A  A  G  A  G  A  A  A  G  G  T  A  A  A  C  A  T  G  A  T  G  G  T  T  C  A  G  T  G  G  T  G  C  T  A  G  A  T  G  A  A  C  A  A  A  C  A  A  T  T  A  T  A  A  A  A  T  A  A  A  A  T  G  A  A  G  T  A  T  T  T  G  T  A  T  A  G  A  A  
--------------------------------------------------------------------------------------------------------------------------------------------------------------------------------------------------------------------------------------------------------------------------------------------------------------
|	T_IG	T_GI	E_IA	E_IT	E_IC	E_GA	E_GT	E_GC			score (log likelihood)	|
|	0.38	0.40	0.70	0.07	0.08	0.89	0.01	0.04			-172.3093		|
|	0.11	0.72	0.33	0.36	0.06	0.62	0.09	0.10			-121.9275		|
|	0.08	0.70	0.35	0.35	0.05	0.64	0.09	0.10			-121.3313		|
|	0.07	0.69	0.36	0.34	0.05	0.66	0.08	0.11			-121.0345		|
|	0.06	0.70	0.37	0.34	0.05	0.68	0.07	0.12			-120.8049		|
|	0.05	0.73	0.38	0.33	0.05	0.70	0.07	0.13			-120.5445		|
|	0.05	0.77	0.38	0.33	0.05	0.73	0.06	0.14			-120.2115		|
|	0.04	0.81	0.38	0.32	0.05	0.76	0.05	0.16			-119.8608		|
|	0.04	0.86	0.38	0.32	0.05	0.79	0.04	0.16			-119.5742		|
|	0.04	0.91	0.38	0.32	0.05	0.81	0.02	0.17			-119.3040		|
|	0.04	0.97	0.39	0.32	0.05	0.82	0.01	0.17			-118.9968		|
|	0.04	1.00	0.39	0.32	0.05	0.83	0.00	0.17			-118.8416		|
|	0.04	1.00	0.39	0.32	0.05	0.83	0.00	0.17			-118.8284		|
|	0.04	1.00	0.39	0.32	0.05	0.83	0.00	0.17			-118.8281		|
|	0.04	1.00	0.38	0.32	0.05	0.83	0.00	0.17			-118.8281		|
|	0.04	1.00	0.38	0.32	0.05	0.83	0.00	0.17			-118.8280		|

A  A  A  T  T  T  T  A  T  T  A  C  G  T  T  T  A  G  T  A  G  A  A  G  A  G  A  A  A  G  G  T  A  A  A  C  A  T  G  A  T  G  G  T  T  C  A  G  T  G  G  T  G  C  T  A  G  A  T  G  A  A  C  A  A  A  C  A  A  T  T  A  T  A  A  A  A  T  A  A  A  A  T  G  A  A  G  T  A  T  T  T  G  T  A  T  A  G  A  A  
--------------------------------------------------------------------------------------------------------------------------------------------------------------------------------------------------------------------------------------------------------------------------------------------------------------
|	T_IG	T_GI	E_IA	E_IT	E_IC	E_GA	E_GT	E_GC			score (log likelihood)	|
|	0.96	0.68	0.82	0.14	0.00	0.71	0.28	0.00			-220.2083		|
|	0.57	0.24	0.57	0.01	0.00	0.41	0.30	0.07			-122.5676		|
|	0.45	0.17	0.67	0.00	0.00	0.41	0.31	0.07			-120.9887		|
|	0.37	0.13	0.71	0.00	0.00	0.40	0.32	0.07			-120.4825		|
|	0.33	0.11	0.73	0.00	0.00	0.40	0.32	0.07			-120.3028		|
|	0.31	0.10	0.73	0.00	0.00	0.40	0.32	0.07			-120.2344		|
|	0.30	0.09	0.74	0.00	0.00	0.40	0.32	0.07			-120.2043		|
|	0.29	0.08	0.74	0.00	0.00	0.40	0.32	0.07			-120.1876		|
|	0.29	0.08	0.75	0.00	0.00	0.40	0.32	0.07			-120.1758		|
|	0.30	0.07	0.75	0.00	0.00	0.40	0.32	0.07			-120.1657		|
|	0.30	0.07	0.76	0.00	0.00	0.40	0.32	0.07			-120.1556		|
|	0.31	0.06	0.77	0.00	0.00	0.41	0.32	0.07			-120.1443		|
|	0.32	0.06	0.77	0.00	0.00	0.41	0.32	0.07			-120.1305		|
|	0.33	0.06	0.79	0.00	0.00	0.41	0.32	0.07			-120.1116		|
|	0.35	0.05	0.80	0.00	0.00	0.41	0.31	0.07			-120.0830		|
|	0.37	0.05	0.82	0.00	0.00	0.41	0.31	0.07			-120.0359		|
|	0.40	0.04	0.85	0.00	0.00	0.41	0.31	0.07			-119.9550		|
|	0.45	0.04	0.89	0.00	0.00	0.42	0.31	0.06			-119.8279		|
|	0.51	0.03	0.94	0.00	0.00	0.42	0.31	0.06			-119.6829		|
|	0.56	0.03	0.97	0.00	0.00	0.42	0.31	0.06			-119.5805		|
|	0.59	0.02	0.99	0.00	0.00	0.42	0.31	0.06			-119.5298		|
|	0.61	0.02	1.00	0.00	0.00	0.42	0.31	0.06			-119.5074		|
|	0.62	0.02	1.00	0.00	0.00	0.42	0.31	0.06			-119.4968		|
|	0.62	0.02	1.00	0.00	0.00	0.42	0.31	0.06			-119.4907		|
|	0.63	0.02	1.00	0.00	0.00	0.42	0.31	0.06			-119.4867		|
|	0.63	0.01	1.00	0.00	0.00	0.42	0.31	0.06			-119.4838		|
|	0.64	0.01	1.00	0.00	0.00	0.42	0.31	0.06			-119.4816		|
|	0.64	0.01	1.00	0.00	0.00	0.42	0.31	0.06			-119.4798		|
|	0.64	0.01	1.00	0.00	0.00	0.42	0.31	0.06			-119.4785		|
|	0.65	0.01	1.00	0.00	0.00	0.42	0.31	0.06			-119.4773		|
|	0.65	0.01	1.00	0.00	0.00	0.42	0.31	0.06			-119.4764		|
|	0.65	0.01	1.00	0.00	0.00	0.42	0.31	0.06			-119.4756		|
|	0.65	0.01	1.00	0.00	0.00	0.42	0.31	0.06			-119.4749		|
|	0.66	0.01	1.00	0.00	0.00	0.42	0.31	0.06			-119.4744		|
|	0.66	0.01	1.00	0.00	0.00	0.42	0.31	0.06			-119.4739		|
|	0.66	0.01	1.00	0.00	0.00	0.42	0.31	0.06			-119.4734		|
|	0.66	0.01	1.00	0.00	0.00	0.42	0.31	0.06			-119.4731		|
|	0.66	0.01	1.00	0.00	0.00	0.42	0.31	0.06			-119.4727		|
|	0.66	0.01	1.00	0.00	0.00	0.42	0.31	0.06			-119.4724		|
|	0.67	0.01	1.00	0.00	0.00	0.42	0.31	0.06			-119.4722		|
|	0.67	0.01	1.00	0.00	0.00	0.42	0.31	0.06			-119.4719		|
|	0.67	0.01	1.00	0.00	0.00	0.42	0.31	0.06			-119.4717		|
|	0.67	0.01	1.00	0.00	0.00	0.42	0.31	0.06			-119.4715		|
|	0.67	0.01	1.00	0.00	0.00	0.42	0.31	0.06			-119.4713		|
|	0.67	0.01	1.00	0.00	0.00	0.42	0.31	0.06			-119.4712		|
|	0.67	0.01	1.00	0.00	0.00	0.42	0.31	0.06			-119.4710		|
|	0.67	0.01	1.00	0.00	0.00	0.42	0.31	0.06			-119.4709		|
|	0.67	0.01	1.00	0.00	0.00	0.42	0.31	0.06			-119.4708		|
|	0.67	0.01	1.00	0.00	0.00	0.42	0.31	0.06			-119.4707		|
|	0.67	0.01	1.00	0.00	0.00	0.42	0.31	0.06			-119.4706		|
|	0.68	0.01	1.00	0.00	0.00	0.42	0.31	0.06			-119.4705		|
|	0.68	0.01	1.00	0.00	0.00	0.42	0.31	0.06			-119.4704		|
|	0.68	0.01	1.00	0.00	0.00	0.43	0.31	0.06			-119.4703		|
|	0.68	0.01	1.00	0.00	0.00	0.43	0.31	0.06			-119.4702		|
|	0.68	0.01	1.00	0.00	0.00	0.43	0.31	0.06			-119.4701		|
|	0.68	0.01	1.00	0.00	0.00	0.43	0.31	0.06			-119.4701		|
|	0.68	0.00	1.00	0.00	0.00	0.43	0.31	0.06			-119.4700		|
|	0.68	0.00	1.00	0.00	0.00	0.43	0.31	0.06			-119.4699		|
|	0.68	0.00	1.00	0.00	0.00	0.43	0.31	0.06			-119.4699		|
|	0.68	0.00	1.00	0.00	0.00	0.43	0.31	0.06			-119.4698		|
|	0.68	0.00	1.00	0.00	0.00	0.43	0.31	0.06			-119.4698		|
|	0.68	0.00	1.00	0.00	0.00	0.43	0.31	0.06			-119.4697		|
|	0.68	0.00	1.00	0.00	0.00	0.43	0.31	0.06			-119.4697		|
|	0.68	0.00	1.00	0.00	0.00	0.43	0.31	0.06			-119.4696		|
|	0.68	0.00	1.00	0.00	0.00	0.43	0.31	0.06			-119.4696		|
|	0.68	0.00	1.00	0.00	0.00	0.43	0.31	0.06			-119.4695		|
|	0.68	0.00	1.00	0.00	0.00	0.43	0.31	0.06			-119.4695		|
|	0.68	0.00	1.00	0.00	0.00	0.43	0.31	0.06			-119.4695		|
|	0.69	0.00	1.00	0.00	0.00	0.43	0.31	0.06			-119.4694		|
|	0.69	0.00	1.00	0.00	0.00	0.43	0.31	0.06			-119.4694		|
|	0.69	0.00	1.00	0.00	0.00	0.43	0.31	0.06			-119.4694		|
|	0.69	0.00	1.00	0.00	0.00	0.43	0.31	0.06			-119.4693		|
|	0.69	0.00	1.00	0.00	0.00	0.43	0.31	0.06			-119.4693		|
|	0.69	0.00	1.00	0.00	0.00	0.43	0.31	0.06			-119.4693		|
|	0.69	0.00	1.00	0.00	0.00	0.43	0.31	0.06			-119.4693		|
|	0.69	0.00	1.00	0.00	0.00	0.43	0.31	0.06			-119.4692		|
|	0.69	0.00	1.00	0.00	0.00	0.43	0.31	0.06			-119.4692		|
|	0.69	0.00	1.00	0.00	0.00	0.43	0.31	0.06			-119.4692		|
|	0.69	0.00	1.00	0.00	0.00	0.43	0.31	0.06			-119.4692		|
|	0.69	0.00	1.00	0.00	0.00	0.43	0.31	0.06			-119.4691		|
|	0.69	0.00	1.00	0.00	0.00	0.43	0.31	0.06			-119.4691		|
|	0.69	0.00	1.00	0.00	0.00	0.43	0.31	0.06			-119.4691		|
|	0.69	0.00	1.00	0.00	0.00	0.43	0.31	0.06			-119.4691		|
|	0.69	0.00	1.00	0.00	0.00	0.43	0.31	0.06			-119.4691		|
|	0.69	0.00	1.00	0.00	0.00	0.43	0.31	0.06			-119.4690		|
|	0.69	0.00	1.00	0.00	0.00	0.43	0.31	0.06			-119.4690		|
|	0.69	0.00	1.00	0.00	0.00	0.43	0.31	0.06			-119.4690		|
|	0.69	0.00	1.00	0.00	0.00	0.43	0.31	0.06			-119.4690		|
|	0.69	0.00	1.00	0.00	0.00	0.43	0.31	0.06			-119.4690		|
|	0.69	0.00	1.00	0.00	0.00	0.43	0.31	0.06			-119.4690		|
|	0.69	0.00	1.00	0.00	0.00	0.43	0.31	0.06			-119.4689		|
|	0.69	0.00	1.00	0.00	0.00	0.43	0.31	0.06			-119.4689		|
|	0.69	0.00	1.00	0.00	0.00	0.43	0.31	0.06			-119.4689		|
|	0.69	0.00	1.00	0.00	0.00	0.43	0.31	0.06			-119.4689		|
|	0.69	0.00	1.00	0.00	0.00	0.43	0.31	0.06			-119.4689		|
|	0.69	0.00	1.00	0.00	0.00	0.43	0.31	0.06			-119.4689		|
|	0.69	0.00	1.00	0.00	0.00	0.43	0.31	0.06			-119.4689		|
|	0.69	0.00	1.00	0.00	0.00	0.43	0.31	0.06			-119.4688		|
|	0.69	0.00	1.00	0.00	0.00	0.43	0.31	0.06			-119.4688		|
|	0.69	0.00	1.00	0.00	0.00	0.43	0.31	0.06			-119.4688		|
|	0.69	0.00	1.00	0.00	0.00	0.43	0.31	0.06			-119.4688		|
|	0.69	0.00	1.00	0.00	0.00	0.43	0.31	0.06			-119.4688		|
|	0.69	0.00	1.00	0.00	0.00	0.43	0.31	0.06			-119.4688		|
|	0.69	0.00	1.00	0.00	0.00	0.43	0.31	0.06			-119.4688		|
|	0.69	0.00	1.00	0.00	0.00	0.43	0.31	0.06			-119.4688		|
|	0.70	0.00	1.00	0.00	0.00	0.43	0.31	0.06			-119.4688		|

A  A  A  T  T  T  T  A  T  T  A  C  G  T  T  T  A  G  T  A  G  A  A  G  A  G  A  A  A  G  G  T  A  A  A  C  A  T  G  A  T  G  G  T  T  C  A  G  T  G  G  T  G  C  T  A  G  A  T  G  A  A  C  A  A  A  C  A  A  T  T  A  T  A  A  A  A  T  A  A  A  A  T  G  A  A  G  T  A  T  T  T  G  T  A  T  A  G  A  A  
--------------------------------------------------------------------------------------------------------------------------------------------------------------------------------------------------------------------------------------------------------------------------------------------------------------
|	T_IG	T_GI	E_IA	E_IT	E_IC	E_GA	E_GT	E_GC			score (log likelihood)	|
|	0.23	0.74	0.16	0.07	0.63	0.49	0.07	0.43			-181.8520		|
|	0.15	0.66	0.34	0.28	0.05	0.53	0.25	0.10			-122.8872		|
|	0.12	0.62	0.37	0.29	0.05	0.53	0.25	0.10			-122.0399		|
|	0.09	0.60	0.38	0.29	0.05	0.54	0.24	0.10			-121.6676		|
|	0.08	0.59	0.38	0.30	0.05	0.55	0.23	0.10			-121.4140		|
|	0.07	0.57	0.38	0.30	0.05	0.58	0.22	0.11			-121.1877		|
|	0.06	0.55	0.38	0.31	0.05	0.60	0.20	0.11			-120.9479		|
|	0.05	0.53	0.38	0.31	0.05	0.63	0.18	0.12			-120.6816		|
|	0.04	0.51	0.38	0.32	0.05	0.66	0.16	0.13			-120.4058		|
|	0.04	0.49	0.38	0.32	0.05	0.69	0.15	0.14			-120.1570		|
|	0.04	0.46	0.38	0.32	0.05	0.71	0.14	0.14			-119.9676		|
|	0.03	0.42	0.38	0.32	0.05	0.71	0.14	0.14			-119.8264		|
|	0.03	0.37	0.37	0.32	0.05	0.71	0.15	0.13			-119.6774		|
|	0.03	0.31	0.37	0.32	0.05	0.71	0.17	0.12			-119.4986		|
|	0.02	0.26	0.37	0.32	0.05	0.71	0.18	0.11			-119.3551		|
|	0.02	0.22	0.37	0.32	0.05	0.71	0.18	0.11			-119.2857		|
|	0.02	0.21	0.37	0.32	0.05	0.71	0.19	0.10			-119.2611		|
|	0.02	0.20	0.37	0.32	0.05	0.71	0.19	0.10			-119.2538		|
|	0.02	0.19	0.37	0.32	0.05	0.71	0.19	0.10			-119.2519		|
|	0.02	0.19	0.37	0.32	0.05	0.71	0.19	0.10			-119.2514		|
|	0.02	0.19	0.37	0.32	0.05	0.71	0.19	0.10			-119.2513		|
|	0.02	0.19	0.37	0.32	0.05	0.71	0.19	0.10			-119.2512		|
|	0.02	0.19	0.37	0.32	0.05	0.71	0.19	0.10			-119.2512		|

Best strategy:
seq = AAATTTTATTACGTTTAGTAGAAGAGAAAGGTAAACATGATGGTTCAGTGGTGCTAGATGAACAAACAATTATAAAATAAAATGAAGTATTTGTATAGAA

star probs:
|	T_IG	T_GI	E_IA	E_IT	E_IC	E_GA	E_GT	E_GC	|
|	0.48	0.78	0.86	0.11	0.02	0.88	0.02	0.10	|

finish probs:
|	T_IG	T_GI	E_IA	E_IT	E_IC	E_GA	E_GT	E_GC	|
|	0.04	1.00	0.38	0.32	0.05	0.83	0.00	0.17	|

score (log likelihood)  = -118.82804877133414

Done.
Seq X2


C  C  C  C  C  C  A  G  G  G  G  G  G  G  G  G  G  G  G  T  C  C  C  C  C  C  C  C  C  C  C  C  C  C  C  C  C  C  C  C  C  C  A  G  G  G  G  G  G  G  G  G  G  G  G  G  G  G  G  G  G  T  C  C  C  A  G  G  G  G  G  G  G  G  G  G  G  G  G  G  G  T  C  C  A  G  G  G  T  C  C  C  C  C  C  C  C  C  C  C  
--------------------------------------------------------------------------------------------------------------------------------------------------------------------------------------------------------------------------------------------------------------------------------------------------------------
|	T_IG	T_GI	E_IA	E_IT	E_IC	E_GA	E_GT	E_GC			score (log likelihood)	|
|	0.90	0.31	0.06	0.35	0.47	0.32	0.09	0.53			-199.8402		|
|	0.17	0.00	0.00	0.00	1.00	0.03	0.04	0.41			-73.8828		|
|	0.06	0.13	0.00	0.00	1.00	0.03	0.03	0.07			-30.3036		|
|	0.09	0.25	0.00	0.00	1.00	0.00	0.00	0.00			-22.6775		|
|	0.09	0.25	0.00	0.00	1.00	0.00	0.00	0.00			-22.6775		|

C  C  C  C  C  C  A  G  G  G  G  G  G  G  G  G  G  G  G  T  C  C  C  C  C  C  C  C  C  C  C  C  C  C  C  C  C  C  C  C  C  C  A  G  G  G  G  G  G  G  G  G  G  G  G  G  G  G  G  G  G  T  C  C  C  A  G  G  G  G  G  G  G  G  G  G  G  G  G  G  G  T  C  C  A  G  G  G  T  C  C  C  C  C  C  C  C  C  C  C  
--------------------------------------------------------------------------------------------------------------------------------------------------------------------------------------------------------------------------------------------------------------------------------------------------------------
|	T_IG	T_GI	E_IA	E_IT	E_IC	E_GA	E_GT	E_GC			score (log likelihood)	|
|	0.93	0.24	0.88	0.05	0.00	0.09	0.00	0.77			-217.5382		|
|	0.17	0.00	0.00	0.00	1.00	0.03	0.04	0.41			-91.3455		|
|	0.17	0.00	0.00	0.00	1.00	0.03	0.04	0.41			-78.2501		|
|	0.05	0.10	0.00	0.00	1.00	0.03	0.04	0.11			-34.5031		|
|	0.09	0.25	0.00	0.00	1.00	0.00	0.00	0.00			-22.6775		|
|	0.09	0.25	0.00	0.00	1.00	0.00	0.00	0.00			-22.6775		|

C  C  C  C  C  C  A  G  G  G  G  G  G  G  G  G  G  G  G  T  C  C  C  C  C  C  C  C  C  C  C  C  C  C  C  C  C  C  C  C  C  C  A  G  G  G  G  G  G  G  G  G  G  G  G  G  G  G  G  G  G  T  C  C  C  A  G  G  G  G  G  G  G  G  G  G  G  G  G  G  G  T  C  C  A  G  G  G  T  C  C  C  C  C  C  C  C  C  C  C  
--------------------------------------------------------------------------------------------------------------------------------------------------------------------------------------------------------------------------------------------------------------------------------------------------------------
|	T_IG	T_GI	E_IA	E_IT	E_IC	E_GA	E_GT	E_GC			score (log likelihood)	|
|	0.34	0.63	0.37	0.12	0.35	0.20	0.20	0.08			-113.4995		|
|	0.09	0.25	0.00	0.00	1.00	0.00	0.00	0.00			-22.6811		|
|	0.09	0.25	0.00	0.00	1.00	0.00	0.00	0.00			-22.6775		|
|	0.09	0.25	0.00	0.00	1.00	0.00	0.00	0.00			-22.6775		|

C  C  C  C  C  C  A  G  G  G  G  G  G  G  G  G  G  G  G  T  C  C  C  C  C  C  C  C  C  C  C  C  C  C  C  C  C  C  C  C  C  C  A  G  G  G  G  G  G  G  G  G  G  G  G  G  G  G  G  G  G  T  C  C  C  A  G  G  G  G  G  G  G  G  G  G  G  G  G  G  G  T  C  C  A  G  G  G  T  C  C  C  C  C  C  C  C  C  C  C  
--------------------------------------------------------------------------------------------------------------------------------------------------------------------------------------------------------------------------------------------------------------------------------------------------------------
|	T_IG	T_GI	E_IA	E_IT	E_IC	E_GA	E_GT	E_GC			score (log likelihood)	|
|	0.20	0.15	0.39	0.21	0.08	0.38	0.09	0.30			-151.5354		|
|	0.16	0.00	0.00	0.00	0.96	0.03	0.04	0.41			-74.9609		|
|	0.06	0.13	0.00	0.00	1.00	0.03	0.03	0.08			-30.4785		|
|	0.09	0.25	0.00	0.00	1.00	0.00	0.00	0.00			-22.6775		|
|	0.09	0.25	0.00	0.00	1.00	0.00	0.00	0.00			-22.6775		|

C  C  C  C  C  C  A  G  G  G  G  G  G  G  G  G  G  G  G  T  C  C  C  C  C  C  C  C  C  C  C  C  C  C  C  C  C  C  C  C  C  C  A  G  G  G  G  G  G  G  G  G  G  G  G  G  G  G  G  G  G  T  C  C  C  A  G  G  G  G  G  G  G  G  G  G  G  G  G  G  G  T  C  C  A  G  G  G  T  C  C  C  C  C  C  C  C  C  C  C  
--------------------------------------------------------------------------------------------------------------------------------------------------------------------------------------------------------------------------------------------------------------------------------------------------------------
|	T_IG	T_GI	E_IA	E_IT	E_IC	E_GA	E_GT	E_GC			score (log likelihood)	|
|	0.93	0.87	0.75	0.19	0.05	0.45	0.15	0.36			-287.3265		|
|	0.17	0.00	0.00	0.00	1.00	0.03	0.04	0.41			-79.9478		|
|	0.06	0.08	0.00	0.00	1.00	0.03	0.04	0.14			-36.3592		|
|	0.09	0.25	0.00	0.00	1.00	0.00	0.00	0.00			-22.6775		|
|	0.09	0.25	0.00	0.00	1.00	0.00	0.00	0.00			-22.6775		|
|	0.09	0.25	0.00	0.00	1.00	0.00	0.00	0.00			-22.6775		|

C  C  C  C  C  C  A  G  G  G  G  G  G  G  G  G  G  G  G  T  C  C  C  C  C  C  C  C  C  C  C  C  C  C  C  C  C  C  C  C  C  C  A  G  G  G  G  G  G  G  G  G  G  G  G  G  G  G  G  G  G  T  C  C  C  A  G  G  G  G  G  G  G  G  G  G  G  G  G  G  G  T  C  C  A  G  G  G  T  C  C  C  C  C  C  C  C  C  C  C  
--------------------------------------------------------------------------------------------------------------------------------------------------------------------------------------------------------------------------------------------------------------------------------------------------------------
|	T_IG	T_GI	E_IA	E_IT	E_IC	E_GA	E_GT	E_GC			score (log likelihood)	|
|	0.30	0.70	0.95	0.00	0.01	0.87	0.10	0.03			-428.1554		|
|	0.01	0.00	0.04	0.04	0.39	0.00	0.07	0.73			-95.2590		|
|	0.01	0.00	0.04	0.04	0.39	0.00	0.07	0.73			-95.2580		|
|	0.01	0.00	0.04	0.04	0.39	0.00	0.07	0.73			-95.2580		|

C  C  C  C  C  C  A  G  G  G  G  G  G  G  G  G  G  G  G  T  C  C  C  C  C  C  C  C  C  C  C  C  C  C  C  C  C  C  C  C  C  C  A  G  G  G  G  G  G  G  G  G  G  G  G  G  G  G  G  G  G  T  C  C  C  A  G  G  G  G  G  G  G  G  G  G  G  G  G  G  G  T  C  C  A  G  G  G  T  C  C  C  C  C  C  C  C  C  C  C  
--------------------------------------------------------------------------------------------------------------------------------------------------------------------------------------------------------------------------------------------------------------------------------------------------------------
|	T_IG	T_GI	E_IA	E_IT	E_IC	E_GA	E_GT	E_GC			score (log likelihood)	|
|	0.21	0.73	0.16	0.32	0.42	0.76	0.08	0.05			-182.0243		|
|	0.06	0.26	0.01	0.01	0.81	0.00	0.00	0.00			-32.2902		|
|	0.09	0.25	0.00	0.00	1.00	0.00	0.00	0.00			-22.6777		|
|	0.09	0.25	0.00	0.00	1.00	0.00	0.00	0.00			-22.6775		|
|	0.09	0.25	0.00	0.00	1.00	0.00	0.00	0.00			-22.6775		|

C  C  C  C  C  C  A  G  G  G  G  G  G  G  G  G  G  G  G  T  C  C  C  C  C  C  C  C  C  C  C  C  C  C  C  C  C  C  C  C  C  C  A  G  G  G  G  G  G  G  G  G  G  G  G  G  G  G  G  G  G  T  C  C  C  A  G  G  G  G  G  G  G  G  G  G  G  G  G  G  G  T  C  C  A  G  G  G  T  C  C  C  C  C  C  C  C  C  C  C  
--------------------------------------------------------------------------------------------------------------------------------------------------------------------------------------------------------------------------------------------------------------------------------------------------------------
|	T_IG	T_GI	E_IA	E_IT	E_IC	E_GA	E_GT	E_GC			score (log likelihood)	|
|	0.48	0.65	0.70	0.26	0.04	0.18	0.40	0.40			-287.4636		|
|	0.17	0.00	0.00	0.00	1.00	0.03	0.04	0.41			-76.1025		|
|	0.05	0.11	0.00	0.00	1.00	0.03	0.03	0.10			-33.0007		|
|	0.09	0.25	0.00	0.00	1.00	0.00	0.00	0.00			-22.6775		|
|	0.09	0.25	0.00	0.00	1.00	0.00	0.00	0.00			-22.6775		|

C  C  C  C  C  C  A  G  G  G  G  G  G  G  G  G  G  G  G  T  C  C  C  C  C  C  C  C  C  C  C  C  C  C  C  C  C  C  C  C  C  C  A  G  G  G  G  G  G  G  G  G  G  G  G  G  G  G  G  G  G  T  C  C  C  A  G  G  G  G  G  G  G  G  G  G  G  G  G  G  G  T  C  C  A  G  G  G  T  C  C  C  C  C  C  C  C  C  C  C  
--------------------------------------------------------------------------------------------------------------------------------------------------------------------------------------------------------------------------------------------------------------------------------------------------------------
|	T_IG	T_GI	E_IA	E_IT	E_IC	E_GA	E_GT	E_GC			score (log likelihood)	|
|	0.91	0.47	0.85	0.13	0.01	0.78	0.18	0.02			-399.0732		|
|	0.17	0.00	0.00	0.00	1.00	0.03	0.04	0.41			-79.2849		|
|	0.05	0.09	0.00	0.00	1.00	0.03	0.04	0.13			-35.5019		|
|	0.09	0.25	0.00	0.00	1.00	0.00	0.00	0.00			-22.6775		|
|	0.09	0.25	0.00	0.00	1.00	0.00	0.00	0.00			-22.6775		|
|	0.09	0.25	0.00	0.00	1.00	0.00	0.00	0.00			-22.6775		|

C  C  C  C  C  C  A  G  G  G  G  G  G  G  G  G  G  G  G  T  C  C  C  C  C  C  C  C  C  C  C  C  C  C  C  C  C  C  C  C  C  C  A  G  G  G  G  G  G  G  G  G  G  G  G  G  G  G  G  G  G  T  C  C  C  A  G  G  G  G  G  G  G  G  G  G  G  G  G  G  G  T  C  C  A  G  G  G  T  C  C  C  C  C  C  C  C  C  C  C  
--------------------------------------------------------------------------------------------------------------------------------------------------------------------------------------------------------------------------------------------------------------------------------------------------------------
|	T_IG	T_GI	E_IA	E_IT	E_IC	E_GA	E_GT	E_GC			score (log likelihood)	|
|	0.42	0.94	0.80	0.12	0.06	0.08	0.78	0.09			-326.6951		|
|	0.09	0.23	0.00	0.00	1.00	0.00	0.00	0.05			-25.3568		|
|	0.09	0.25	0.00	0.00	1.00	0.00	0.00	0.00			-22.6775		|
|	0.09	0.25	0.00	0.00	1.00	0.00	0.00	0.00			-22.6775		|

Best strategy:
seq = CCCCCCAGGGGGGGGGGGGTCCCCCCCCCCCCCCCCCCCCCCAGGGGGGGGGGGGGGGGGGTCCCAGGGGGGGGGGGGGGGTCCAGGGTCCCCCCCCCCC

star probs:
|	T_IG	T_GI	E_IA	E_IT	E_IC	E_GA	E_GT	E_GC	|
|	0.34	0.63	0.37	0.12	0.35	0.20	0.20	0.08	|

finish probs:
|	T_IG	T_GI	E_IA	E_IT	E_IC	E_GA	E_GT	E_GC	|
|	0.09	0.25	0.00	0.00	1.00	0.00	0.00	0.00	|

score (log likelihood)  = -22.677517174970944

Done.
Seq X3


C  G  C  A  C  A  C  G  T  C  C  T  T  G  A  G  G  G  C  A  G  T  T  T  T  T  T  T  G  T  C  G  C  C  C  C  C  A  C  G  A  T  T  T  T  T  C  T  C  G  G  C  C  G  C  A  G  T  T  C  C  C  G  T  T  T  T  T  T  T  T  T  G  T  T  T  T  T  T  T  T  G  T  T  G  G  C  C  T  C  T  G  G  T  T  T  T  C  T  A  C  G  A  G  G  C  C  G  G  G  G  A  G  A  G  G  C  C  G  G  G  G  C  G  G  C  A  G  A  T  T  T  T  C  T  T  G  T  T  T  T  T  C  A  G  G  A  T  T  G  C  T  G  G  T  T  T  G  C  T  C  A  G  T  G  T  T  T  T  T  C  T  T  C  T  T  T  G  T  T  T  G  G  C  T  G  T  G  C  C  G  G  A  A  G  A  G  A  T  G  
--------------------------------------------------------------------------------------------------------------------------------------------------------------------------------------------------------------------------------------------------------------------------------------------------------------------------------------------------------------------------------------------------------------------------------------------------------------------------------------------------------------------------------------------------------------------------------------------------------------------------
|	T_IG	T_GI	E_IA	E_IT	E_IC	E_GA	E_GT	E_GC			score (log likelihood)	|
|	1.00	0.25	0.73	0.16	0.08	0.58	0.36	0.02			-457.4120		|
|	0.33	0.00	0.00	0.00	0.67	0.10	0.41	0.21			-254.1464		|
|	0.33	0.00	0.00	0.00	0.67	0.10	0.41	0.21			-254.1445		|
|	0.33	0.00	0.00	0.00	0.67	0.10	0.41	0.21			-254.1352		|
|	0.33	0.00	0.00	0.00	0.67	0.10	0.41	0.21			-254.0925		|
|	0.32	0.00	0.02	0.00	0.66	0.10	0.41	0.21			-253.9338		|
|	0.29	0.00	0.07	0.00	0.64	0.10	0.41	0.21			-253.6229		|
|	0.25	0.00	0.13	0.00	0.62	0.09	0.41	0.21			-253.4400		|
|	0.23	0.00	0.16	0.00	0.61	0.09	0.41	0.21			-253.4129		|
|	0.22	0.00	0.17	0.00	0.61	0.09	0.41	0.21			-253.4113		|
|	0.22	0.00	0.17	0.00	0.61	0.09	0.41	0.21			-253.4112		|
|	0.22	0.00	0.17	0.00	0.61	0.09	0.41	0.21			-253.4112		|

C  G  C  A  C  A  C  G  T  C  C  T  T  G  A  G  G  G  C  A  G  T  T  T  T  T  T  T  G  T  C  G  C  C  C  C  C  A  C  G  A  T  T  T  T  T  C  T  C  G  G  C  C  G  C  A  G  T  T  C  C  C  G  T  T  T  T  T  T  T  T  T  G  T  T  T  T  T  T  T  T  G  T  T  G  G  C  C  T  C  T  G  G  T  T  T  T  C  T  A  C  G  A  G  G  C  C  G  G  G  G  A  G  A  G  G  C  C  G  G  G  G  C  G  G  C  A  G  A  T  T  T  T  C  T  T  G  T  T  T  T  T  C  A  G  G  A  T  T  G  C  T  G  G  T  T  T  G  C  T  C  A  G  T  G  T  T  T  T  T  C  T  T  C  T  T  T  G  T  T  T  G  G  C  T  G  T  G  C  C  G  G  A  A  G  A  G  A  T  G  
--------------------------------------------------------------------------------------------------------------------------------------------------------------------------------------------------------------------------------------------------------------------------------------------------------------------------------------------------------------------------------------------------------------------------------------------------------------------------------------------------------------------------------------------------------------------------------------------------------------------------
|	T_IG	T_GI	E_IA	E_IT	E_IC	E_GA	E_GT	E_GC			score (log likelihood)	|
|	0.58	0.07	0.09	0.58	0.06	0.14	0.77	0.02			-375.5255		|
|	0.09	0.12	0.12	0.04	0.37	0.05	0.56	0.16			-227.8134		|
|	0.09	0.17	0.16	0.01	0.36	0.01	0.64	0.15			-219.6455		|
|	0.10	0.19	0.17	0.00	0.36	0.00	0.64	0.15			-218.2883		|
|	0.10	0.19	0.17	0.00	0.36	0.00	0.65	0.15			-218.0869		|
|	0.10	0.19	0.17	0.00	0.36	0.00	0.65	0.15			-218.0571		|
|	0.10	0.19	0.17	0.00	0.36	0.00	0.65	0.15			-218.0526		|
|	0.10	0.19	0.17	0.00	0.36	0.00	0.65	0.15			-218.0520		|
|	0.10	0.19	0.17	0.00	0.36	0.00	0.65	0.15			-218.0519		|
|	0.10	0.19	0.17	0.00	0.36	0.00	0.65	0.15			-218.0519		|
|	0.10	0.19	0.17	0.00	0.36	0.00	0.65	0.15			-218.0519		|

C  G  C  A  C  A  C  G  T  C  C  T  T  G  A  G  G  G  C  A  G  T  T  T  T  T  T  T  G  T  C  G  C  C  C  C  C  A  C  G  A  T  T  T  T  T  C  T  C  G  G  C  C  G  C  A  G  T  T  C  C  C  G  T  T  T  T  T  T  T  T  T  G  T  T  T  T  T  T  T  T  G  T  T  G  G  C  C  T  C  T  G  G  T  T  T  T  C  T  A  C  G  A  G  G  C  C  G  G  G  G  A  G  A  G  G  C  C  G  G  G  G  C  G  G  C  A  G  A  T  T  T  T  C  T  T  G  T  T  T  T  T  C  A  G  G  A  T  T  G  C  T  G  G  T  T  T  G  C  T  C  A  G  T  G  T  T  T  T  T  C  T  T  C  T  T  T  G  T  T  T  G  G  C  T  G  T  G  C  C  G  G  A  A  G  A  G  A  T  G  
--------------------------------------------------------------------------------------------------------------------------------------------------------------------------------------------------------------------------------------------------------------------------------------------------------------------------------------------------------------------------------------------------------------------------------------------------------------------------------------------------------------------------------------------------------------------------------------------------------------------------
|	T_IG	T_GI	E_IA	E_IT	E_IC	E_GA	E_GT	E_GC			score (log likelihood)	|
|	0.94	0.88	0.03	0.17	0.75	0.57	0.33	0.02			-528.2139		|
|	0.21	0.12	0.04	0.11	0.56	0.07	0.45	0.17			-250.8355		|
|	0.13	0.13	0.11	0.04	0.43	0.06	0.52	0.16			-230.0176		|
|	0.10	0.17	0.16	0.00	0.37	0.01	0.63	0.15			-219.6251		|
|	0.10	0.18	0.17	0.00	0.36	0.00	0.64	0.15			-218.2704		|
|	0.10	0.19	0.17	0.00	0.36	0.00	0.65	0.15			-218.0831		|
|	0.10	0.19	0.17	0.00	0.36	0.00	0.65	0.15			-218.0564		|
|	0.10	0.19	0.17	0.00	0.36	0.00	0.65	0.15			-218.0525		|
|	0.10	0.19	0.17	0.00	0.36	0.00	0.65	0.15			-218.0519		|
|	0.10	0.19	0.17	0.00	0.36	0.00	0.65	0.15			-218.0519		|
|	0.10	0.19	0.17	0.00	0.36	0.00	0.65	0.15			-218.0519		|
|	0.10	0.19	0.17	0.00	0.36	0.00	0.65	0.15			-218.0519		|

C  G  C  A  C  A  C  G  T  C  C  T  T  G  A  G  G  G  C  A  G  T  T  T  T  T  T  T  G  T  C  G  C  C  C  C  C  A  C  G  A  T  T  T  T  T  C  T  C  G  G  C  C  G  C  A  G  T  T  C  C  C  G  T  T  T  T  T  T  T  T  T  G  T  T  T  T  T  T  T  T  G  T  T  G  G  C  C  T  C  T  G  G  T  T  T  T  C  T  A  C  G  A  G  G  C  C  G  G  G  G  A  G  A  G  G  C  C  G  G  G  G  C  G  G  C  A  G  A  T  T  T  T  C  T  T  G  T  T  T  T  T  C  A  G  G  A  T  T  G  C  T  G  G  T  T  T  G  C  T  C  A  G  T  G  T  T  T  T  T  C  T  T  C  T  T  T  G  T  T  T  G  G  C  T  G  T  G  C  C  G  G  A  A  G  A  G  A  T  G  
--------------------------------------------------------------------------------------------------------------------------------------------------------------------------------------------------------------------------------------------------------------------------------------------------------------------------------------------------------------------------------------------------------------------------------------------------------------------------------------------------------------------------------------------------------------------------------------------------------------------------
|	T_IG	T_GI	E_IA	E_IT	E_IC	E_GA	E_GT	E_GC			score (log likelihood)	|
|	0.06	0.50	0.17	0.21	0.38	0.46	0.22	0.16			-288.1310		|
|	0.02	0.56	0.08	0.39	0.24	0.15	0.47	0.06			-256.1823		|
|	0.02	0.53	0.08	0.39	0.24	0.13	0.50	0.04			-256.0037		|
|	0.02	0.53	0.08	0.38	0.24	0.12	0.54	0.03			-255.8099		|
|	0.02	0.51	0.08	0.37	0.25	0.09	0.59	0.04			-255.2198		|
|	0.02	0.43	0.09	0.36	0.25	0.05	0.67	0.05			-250.8112		|
|	0.04	0.25	0.11	0.25	0.28	0.01	0.74	0.09			-236.1874		|
|	0.06	0.21	0.13	0.14	0.32	0.00	0.72	0.11			-227.5809		|
|	0.07	0.19	0.15	0.06	0.34	0.00	0.68	0.13			-222.2672		|
|	0.09	0.19	0.16	0.02	0.35	0.00	0.66	0.15			-219.3688		|
|	0.10	0.19	0.17	0.00	0.36	0.00	0.65	0.15			-218.3135		|
|	0.10	0.19	0.17	0.00	0.36	0.00	0.65	0.15			-218.0968		|
|	0.10	0.19	0.17	0.00	0.36	0.00	0.65	0.15			-218.0594		|
|	0.10	0.19	0.17	0.00	0.36	0.00	0.65	0.15			-218.0531		|
|	0.10	0.19	0.17	0.00	0.36	0.00	0.65	0.15			-218.0521		|
|	0.10	0.19	0.17	0.00	0.36	0.00	0.65	0.15			-218.0519		|
|	0.10	0.19	0.17	0.00	0.36	0.00	0.65	0.15			-218.0519		|
|	0.10	0.19	0.17	0.00	0.36	0.00	0.65	0.15			-218.0519		|

C  G  C  A  C  A  C  G  T  C  C  T  T  G  A  G  G  G  C  A  G  T  T  T  T  T  T  T  G  T  C  G  C  C  C  C  C  A  C  G  A  T  T  T  T  T  C  T  C  G  G  C  C  G  C  A  G  T  T  C  C  C  G  T  T  T  T  T  T  T  T  T  G  T  T  T  T  T  T  T  T  G  T  T  G  G  C  C  T  C  T  G  G  T  T  T  T  C  T  A  C  G  A  G  G  C  C  G  G  G  G  A  G  A  G  G  C  C  G  G  G  G  C  G  G  C  A  G  A  T  T  T  T  C  T  T  G  T  T  T  T  T  C  A  G  G  A  T  T  G  C  T  G  G  T  T  T  G  C  T  C  A  G  T  G  T  T  T  T  T  C  T  T  C  T  T  T  G  T  T  T  G  G  C  T  G  T  G  C  C  G  G  A  A  G  A  G  A  T  G  
--------------------------------------------------------------------------------------------------------------------------------------------------------------------------------------------------------------------------------------------------------------------------------------------------------------------------------------------------------------------------------------------------------------------------------------------------------------------------------------------------------------------------------------------------------------------------------------------------------------------------
|	T_IG	T_GI	E_IA	E_IT	E_IC	E_GA	E_GT	E_GC			score (log likelihood)	|
|	0.23	0.13	0.54	0.31	0.12	0.98	0.01	0.00			-447.1757		|
|	0.00	0.78	0.10	0.40	0.22	0.33	0.09	0.00			-256.8845		|
|	0.00	0.71	0.10	0.40	0.22	0.33	0.10	0.00			-256.7716		|
|	0.00	0.58	0.10	0.40	0.22	0.34	0.12	0.00			-256.4956		|
|	0.00	0.41	0.09	0.41	0.22	0.35	0.13	0.01			-255.9660		|
|	0.01	0.31	0.09	0.41	0.22	0.37	0.14	0.01			-255.6091		|
|	0.01	0.31	0.08	0.41	0.23	0.37	0.14	0.01			-255.5109		|
|	0.01	0.35	0.08	0.41	0.23	0.36	0.14	0.01			-255.4414		|
|	0.01	0.39	0.08	0.41	0.23	0.35	0.14	0.01			-255.3377		|
|	0.01	0.43	0.08	0.42	0.23	0.34	0.13	0.02			-255.1334		|
|	0.01	0.45	0.07	0.42	0.23	0.31	0.12	0.05			-254.0633		|
|	0.02	0.30	0.06	0.45	0.23	0.23	0.07	0.14			-244.8863		|
|	0.03	0.23	0.04	0.51	0.24	0.21	0.05	0.18			-242.2506		|
|	0.03	0.25	0.03	0.52	0.24	0.22	0.05	0.18			-242.0093		|
|	0.04	0.26	0.03	0.52	0.24	0.22	0.05	0.18			-241.9781		|
|	0.04	0.26	0.03	0.52	0.24	0.22	0.05	0.18			-241.9744		|
|	0.04	0.26	0.03	0.52	0.24	0.22	0.05	0.18			-241.9739		|
|	0.04	0.26	0.03	0.52	0.24	0.22	0.05	0.18			-241.9739		|
|	0.04	0.26	0.03	0.52	0.24	0.22	0.05	0.18			-241.9739		|

C  G  C  A  C  A  C  G  T  C  C  T  T  G  A  G  G  G  C  A  G  T  T  T  T  T  T  T  G  T  C  G  C  C  C  C  C  A  C  G  A  T  T  T  T  T  C  T  C  G  G  C  C  G  C  A  G  T  T  C  C  C  G  T  T  T  T  T  T  T  T  T  G  T  T  T  T  T  T  T  T  G  T  T  G  G  C  C  T  C  T  G  G  T  T  T  T  C  T  A  C  G  A  G  G  C  C  G  G  G  G  A  G  A  G  G  C  C  G  G  G  G  C  G  G  C  A  G  A  T  T  T  T  C  T  T  G  T  T  T  T  T  C  A  G  G  A  T  T  G  C  T  G  G  T  T  T  G  C  T  C  A  G  T  G  T  T  T  T  T  C  T  T  C  T  T  T  G  T  T  T  G  G  C  T  G  T  G  C  C  G  G  A  A  G  A  G  A  T  G  
--------------------------------------------------------------------------------------------------------------------------------------------------------------------------------------------------------------------------------------------------------------------------------------------------------------------------------------------------------------------------------------------------------------------------------------------------------------------------------------------------------------------------------------------------------------------------------------------------------------------------
|	T_IG	T_GI	E_IA	E_IT	E_IC	E_GA	E_GT	E_GC			score (log likelihood)	|
|	0.94	0.78	0.12	0.14	0.19	0.86	0.01	0.04			-712.8470		|
|	0.09	0.19	0.01	0.49	0.28	0.11	0.32	0.20			-253.2552		|
|	0.06	0.19	0.01	0.53	0.25	0.15	0.23	0.20			-247.4350		|
|	0.05	0.23	0.01	0.54	0.24	0.19	0.14	0.20			-244.2198		|
|	0.04	0.25	0.02	0.53	0.24	0.20	0.09	0.20			-242.9922		|
|	0.04	0.26	0.02	0.53	0.24	0.21	0.07	0.19			-242.2004		|
|	0.04	0.27	0.03	0.52	0.24	0.21	0.05	0.18			-241.9976		|
|	0.04	0.27	0.03	0.52	0.24	0.22	0.05	0.18			-241.9765		|
|	0.04	0.26	0.03	0.52	0.24	0.22	0.05	0.18			-241.9742		|
|	0.04	0.26	0.03	0.52	0.24	0.22	0.05	0.18			-241.9739		|
|	0.04	0.26	0.03	0.52	0.24	0.22	0.05	0.18			-241.9739		|
|	0.04	0.26	0.03	0.52	0.24	0.22	0.05	0.18			-241.9739		|

C  G  C  A  C  A  C  G  T  C  C  T  T  G  A  G  G  G  C  A  G  T  T  T  T  T  T  T  G  T  C  G  C  C  C  C  C  A  C  G  A  T  T  T  T  T  C  T  C  G  G  C  C  G  C  A  G  T  T  C  C  C  G  T  T  T  T  T  T  T  T  T  G  T  T  T  T  T  T  T  T  G  T  T  G  G  C  C  T  C  T  G  G  T  T  T  T  C  T  A  C  G  A  G  G  C  C  G  G  G  G  A  G  A  G  G  C  C  G  G  G  G  C  G  G  C  A  G  A  T  T  T  T  C  T  T  G  T  T  T  T  T  C  A  G  G  A  T  T  G  C  T  G  G  T  T  T  G  C  T  C  A  G  T  G  T  T  T  T  T  C  T  T  C  T  T  T  G  T  T  T  G  G  C  T  G  T  G  C  C  G  G  A  A  G  A  G  A  T  G  
--------------------------------------------------------------------------------------------------------------------------------------------------------------------------------------------------------------------------------------------------------------------------------------------------------------------------------------------------------------------------------------------------------------------------------------------------------------------------------------------------------------------------------------------------------------------------------------------------------------------------
|	T_IG	T_GI	E_IA	E_IT	E_IC	E_GA	E_GT	E_GC			score (log likelihood)	|
|	0.23	0.55	0.10	0.17	0.33	0.33	0.57	0.09			-298.8224		|
|	0.04	0.24	0.12	0.20	0.29	0.00	0.76	0.11			-232.6170		|
|	0.06	0.20	0.14	0.11	0.33	0.00	0.70	0.12			-225.3413		|
|	0.08	0.19	0.16	0.05	0.35	0.00	0.67	0.14			-221.1327		|
|	0.10	0.19	0.16	0.01	0.36	0.00	0.65	0.15			-218.8568		|
|	0.10	0.19	0.17	0.00	0.36	0.00	0.65	0.15			-218.2004		|
|	0.10	0.19	0.17	0.00	0.36	0.00	0.65	0.15			-218.0770		|
|	0.10	0.19	0.17	0.00	0.36	0.00	0.65	0.15			-218.0561		|
|	0.10	0.19	0.17	0.00	0.36	0.00	0.65	0.15			-218.0526		|
|	0.10	0.19	0.17	0.00	0.36	0.00	0.65	0.15			-218.0520		|
|	0.10	0.19	0.17	0.00	0.36	0.00	0.65	0.15			-218.0519		|
|	0.10	0.19	0.17	0.00	0.36	0.00	0.65	0.15			-218.0519		|
|	0.10	0.19	0.17	0.00	0.36	0.00	0.65	0.15			-218.0519		|

C  G  C  A  C  A  C  G  T  C  C  T  T  G  A  G  G  G  C  A  G  T  T  T  T  T  T  T  G  T  C  G  C  C  C  C  C  A  C  G  A  T  T  T  T  T  C  T  C  G  G  C  C  G  C  A  G  T  T  C  C  C  G  T  T  T  T  T  T  T  T  T  G  T  T  T  T  T  T  T  T  G  T  T  G  G  C  C  T  C  T  G  G  T  T  T  T  C  T  A  C  G  A  G  G  C  C  G  G  G  G  A  G  A  G  G  C  C  G  G  G  G  C  G  G  C  A  G  A  T  T  T  T  C  T  T  G  T  T  T  T  T  C  A  G  G  A  T  T  G  C  T  G  G  T  T  T  G  C  T  C  A  G  T  G  T  T  T  T  T  C  T  T  C  T  T  T  G  T  T  T  G  G  C  T  G  T  G  C  C  G  G  A  A  G  A  G  A  T  G  
--------------------------------------------------------------------------------------------------------------------------------------------------------------------------------------------------------------------------------------------------------------------------------------------------------------------------------------------------------------------------------------------------------------------------------------------------------------------------------------------------------------------------------------------------------------------------------------------------------------------------
|	T_IG	T_GI	E_IA	E_IT	E_IC	E_GA	E_GT	E_GC			score (log likelihood)	|
|	0.59	0.89	0.09	0.16	0.65	0.79	0.07	0.13			-492.7659		|
|	0.04	0.71	0.06	0.40	0.25	0.18	0.37	0.08			-256.7095		|
|	0.03	0.64	0.06	0.41	0.25	0.21	0.31	0.05			-255.6426		|
|	0.03	0.61	0.06	0.42	0.24	0.24	0.23	0.05			-255.0244		|
|	0.02	0.57	0.06	0.43	0.24	0.26	0.16	0.07			-253.4280		|
|	0.03	0.34	0.05	0.47	0.24	0.22	0.07	0.15			-243.8026		|
|	0.03	0.25	0.03	0.51	0.24	0.21	0.05	0.18			-242.0344		|
|	0.03	0.26	0.03	0.52	0.24	0.22	0.05	0.18			-241.9795		|
|	0.04	0.26	0.03	0.52	0.24	0.22	0.05	0.18			-241.9745		|
|	0.04	0.26	0.03	0.52	0.24	0.22	0.05	0.18			-241.9740		|
|	0.04	0.26	0.03	0.52	0.24	0.22	0.05	0.18			-241.9739		|
|	0.04	0.26	0.03	0.52	0.24	0.22	0.05	0.18			-241.9739		|

C  G  C  A  C  A  C  G  T  C  C  T  T  G  A  G  G  G  C  A  G  T  T  T  T  T  T  T  G  T  C  G  C  C  C  C  C  A  C  G  A  T  T  T  T  T  C  T  C  G  G  C  C  G  C  A  G  T  T  C  C  C  G  T  T  T  T  T  T  T  T  T  G  T  T  T  T  T  T  T  T  G  T  T  G  G  C  C  T  C  T  G  G  T  T  T  T  C  T  A  C  G  A  G  G  C  C  G  G  G  G  A  G  A  G  G  C  C  G  G  G  G  C  G  G  C  A  G  A  T  T  T  T  C  T  T  G  T  T  T  T  T  C  A  G  G  A  T  T  G  C  T  G  G  T  T  T  G  C  T  C  A  G  T  G  T  T  T  T  T  C  T  T  C  T  T  T  G  T  T  T  G  G  C  T  G  T  G  C  C  G  G  A  A  G  A  G  A  T  G  
--------------------------------------------------------------------------------------------------------------------------------------------------------------------------------------------------------------------------------------------------------------------------------------------------------------------------------------------------------------------------------------------------------------------------------------------------------------------------------------------------------------------------------------------------------------------------------------------------------------------------
|	T_IG	T_GI	E_IA	E_IT	E_IC	E_GA	E_GT	E_GC			score (log likelihood)	|
|	0.44	0.02	0.76	0.08	0.04	0.50	0.30	0.04			-352.6957		|
|	0.28	0.00	0.09	0.00	0.63	0.10	0.41	0.21			-253.5795		|
|	0.24	0.00	0.14	0.00	0.61	0.09	0.41	0.21			-253.4320		|
|	0.22	0.00	0.16	0.00	0.61	0.09	0.41	0.21			-253.4159		|
|	0.22	0.00	0.17	0.00	0.60	0.09	0.41	0.21			-253.4147		|
|	0.22	0.00	0.17	0.00	0.60	0.09	0.41	0.21			-253.4144		|
|	0.22	0.00	0.17	0.00	0.61	0.09	0.41	0.21			-253.4141		|
|	0.22	0.00	0.17	0.00	0.61	0.09	0.41	0.21			-253.4138		|
|	0.22	0.00	0.17	0.00	0.61	0.09	0.41	0.21			-253.4135		|
|	0.22	0.00	0.17	0.00	0.61	0.09	0.41	0.21			-253.4133		|
|	0.22	0.00	0.17	0.00	0.61	0.09	0.41	0.21			-253.4130		|
|	0.22	0.00	0.17	0.00	0.61	0.09	0.41	0.21			-253.4128		|
|	0.22	0.00	0.17	0.00	0.61	0.09	0.41	0.21			-253.4126		|
|	0.22	0.00	0.17	0.00	0.61	0.09	0.41	0.21			-253.4124		|
|	0.22	0.00	0.17	0.00	0.61	0.09	0.41	0.21			-253.4122		|
|	0.22	0.00	0.17	0.00	0.61	0.09	0.41	0.21			-253.4120		|
|	0.22	0.00	0.17	0.00	0.61	0.09	0.41	0.21			-253.4119		|
|	0.22	0.00	0.17	0.00	0.61	0.09	0.41	0.21			-253.4118		|
|	0.22	0.00	0.17	0.00	0.61	0.09	0.41	0.21			-253.4117		|
|	0.22	0.00	0.17	0.00	0.61	0.09	0.41	0.21			-253.4116		|
|	0.22	0.00	0.17	0.00	0.61	0.09	0.41	0.21			-253.4116		|
|	0.22	0.00	0.17	0.00	0.61	0.09	0.41	0.21			-253.4115		|
|	0.22	0.00	0.17	0.00	0.61	0.09	0.41	0.21			-253.4115		|
|	0.22	0.00	0.17	0.00	0.61	0.09	0.41	0.21			-253.4114		|
|	0.22	0.00	0.17	0.00	0.61	0.09	0.41	0.21			-253.4114		|
|	0.22	0.00	0.17	0.00	0.61	0.09	0.41	0.21			-253.4114		|
|	0.22	0.00	0.17	0.00	0.61	0.09	0.41	0.21			-253.4113		|
|	0.22	0.00	0.17	0.00	0.61	0.09	0.41	0.21			-253.4113		|
|	0.22	0.00	0.17	0.00	0.61	0.09	0.41	0.21			-253.4113		|
|	0.22	0.00	0.17	0.00	0.61	0.09	0.41	0.21			-253.4113		|
|	0.22	0.00	0.17	0.00	0.61	0.09	0.41	0.21			-253.4113		|
|	0.22	0.00	0.17	0.00	0.61	0.09	0.41	0.21			-253.4113		|

C  G  C  A  C  A  C  G  T  C  C  T  T  G  A  G  G  G  C  A  G  T  T  T  T  T  T  T  G  T  C  G  C  C  C  C  C  A  C  G  A  T  T  T  T  T  C  T  C  G  G  C  C  G  C  A  G  T  T  C  C  C  G  T  T  T  T  T  T  T  T  T  G  T  T  T  T  T  T  T  T  G  T  T  G  G  C  C  T  C  T  G  G  T  T  T  T  C  T  A  C  G  A  G  G  C  C  G  G  G  G  A  G  A  G  G  C  C  G  G  G  G  C  G  G  C  A  G  A  T  T  T  T  C  T  T  G  T  T  T  T  T  C  A  G  G  A  T  T  G  C  T  G  G  T  T  T  G  C  T  C  A  G  T  G  T  T  T  T  T  C  T  T  C  T  T  T  G  T  T  T  G  G  C  T  G  T  G  C  C  G  G  A  A  G  A  G  A  T  G  
--------------------------------------------------------------------------------------------------------------------------------------------------------------------------------------------------------------------------------------------------------------------------------------------------------------------------------------------------------------------------------------------------------------------------------------------------------------------------------------------------------------------------------------------------------------------------------------------------------------------------
|	T_IG	T_GI	E_IA	E_IT	E_IC	E_GA	E_GT	E_GC			score (log likelihood)	|
|	0.89	0.49	0.73	0.15	0.11	0.34	0.12	0.20			-375.8637		|
|	0.32	0.01	0.05	0.09	0.63	0.09	0.41	0.21			-254.2581		|
|	0.19	0.01	0.10	0.04	0.60	0.09	0.42	0.20			-252.9668		|
|	0.13	0.02	0.12	0.03	0.52	0.09	0.43	0.19			-245.0087		|
|	0.09	0.11	0.15	0.01	0.37	0.04	0.57	0.16			-224.3851		|
|	0.10	0.17	0.16	0.00	0.36	0.01	0.64	0.15			-218.9893		|
|	0.10	0.19	0.17	0.00	0.36	0.00	0.64	0.15			-218.1852		|
|	0.10	0.19	0.17	0.00	0.36	0.00	0.65	0.15			-218.0704		|
|	0.10	0.19	0.17	0.00	0.36	0.00	0.65	0.15			-218.0544		|
|	0.10	0.19	0.17	0.00	0.36	0.00	0.65	0.15			-218.0522		|
|	0.10	0.19	0.17	0.00	0.36	0.00	0.65	0.15			-218.0519		|
|	0.10	0.19	0.17	0.00	0.36	0.00	0.65	0.15			-218.0519		|
|	0.10	0.19	0.17	0.00	0.36	0.00	0.65	0.15			-218.0519		|

Best strategy:
seq = CGCACACGTCCTTGAGGGCAGTTTTTTTGTCGCCCCCACGATTTTTCTCGGCCGCAGTTCCCGTTTTTTTTTGTTTTTTTTGTTGGCCTCTGGTTTTCTACGAGGCCGGGGAGAGGCCGGGGCGGCAGATTTTCTTGTTTTTCAGGATTGCTGGTTTGCTCAGTGTTTTTCTTCTTTGTTTGGCTGTGCCGGAAGAGATG

star probs:
|	T_IG	T_GI	E_IA	E_IT	E_IC	E_GA	E_GT	E_GC	|
|	0.94	0.88	0.03	0.17	0.75	0.57	0.33	0.02	|

finish probs:
|	T_IG	T_GI	E_IA	E_IT	E_IC	E_GA	E_GT	E_GC	|
|	0.10	0.19	0.17	0.00	0.36	0.00	0.65	0.15	|

score (log likelihood)  = -218.0518507739975

Done.